0,1,1,0
1,1,2,1112.283
2,1,3,2827.265
1,2,3,2572.68
3,1,4,1720.449
2,2,4,7073.915
1,3,4,1153.76
4,1,5,1336.359
3,2,5,5512.132
2,3,5,5266.132
5,1,6,961.639
4,2,6,4878.519
3,3,6,5332.331
2,4,6,4487.247
5,2,7,4123.057
4,3,7,5606.439
3,4,7,5371.548
2,5,7,3558.705
6,2,8,3924.52
5,3,8,5159.712
4,4,8,7062.435
3,5,8,4717.155
2,6,8,3101.524
7,2,9,3349.037
6,3,9,5037.768
5,4,9,6462.668
4,5,9,6257.07
3,6,9,4337.423
8,2,10,2995.134
7,3,10,4531.351
6,4,10,6497.63
5,5,10,6475.083
4,6,10,6032.042
3,7,10,3643.672
8,3,11,4155.381
7,4,11,5952.54
6,5,11,6927.732
5,6,11,6676.456
4,7,11,5364.046
9,3,12,3791.6
8,4,12,5720.722
7,5,12,6631.223
6,6,12,7680.144
5,7,12,6170.109
4,8,12,4890.202
10,3,13,3507.63
9,4,13,5241.435
8,5,13,6496.419
7,6,13,7469.849
6,7,13,7238.863
5,8,13,5811.763
10,4,14,4993.897
9,5,14,6101.644
8,6,14,7520.319
7,7,14,7475.614
6,8,14,7052.278
5,9,14,5285.208
11,4,15,4540.97
10,5,15,5879.985
9,6,15,7100.169
8,7,15,7699.46
7,8,15,7463.692
6,9,15,6497.459
5,10,15,4868.728
12,4,16,4285.285
11,5,16,5507.302
10,6,16,6922.054
9,7,16,7373.796
8,8,16,7976.206
7,9,16,6963.731
6,10,16,6083.177
12,5,17,5269.667
11,6,17,6558.024
10,7,17,7286.229
9,8,17,7750.728
8,9,17,7542.328
7,10,17,6640.499
6,11,17,5496.08
13,5,18,4976.63
12,6,18,6426.131
11,7,18,7038.562
10,8,18,7767.097
9,9,18,7631.638
8,10,18,7341.257
7,11,18,6202.217
14,5,19,4719.634
13,6,19,6118.273
12,7,19,6948.543
11,8,19,7566.495
10,9,19,7779.018
9,10,19,7567.343
8,11,19,6937.885
7,12,19,5902.025
14,6,20,5961.435
13,7,20,6709.171
12,8,20,7568.57
11,9,20,7720.134
10,10,20,8032.24
9,11,20,7298.496
8,12,20,6728.025
14,7,21,6609.015
13,8,21,7389.374
12,9,21,7738.293
11,10,21,7971.713
10,11,21,7765.547
9,12,21,7105.031
16,6,22,5421.077
15,7,22,6378.534
14,8,22,7364.871
13,9,22,7624.295
12,10,22,8080.465
11,11,22,7915.667
10,12,22,7662.761
16,7,23,6236.671
15,8,23,7163.485
14,9,23,7622.344
13,10,23,7955.256
12,11,23,8111.493
11,12,23,7901.115
10,13,23,7335.727
16,8,24,7039.685
15,9,24,7463.582
14,10,24,7993.325
13,11,24,8063.488
12,12,24,8260.709
11,13,24,7649.582
10,14,24,7167.232
17,8,25,6727.805
16,9,25,7336.306
15,10,25,7839.799
14,11,25,8101.397
13,12,25,8223.502
12,13,25,8021.136
11,14,25,7480.11
18,8,26,6497.478
17,9,26,7083.24
16,10,26,7751.91
15,11,26,8004.201
14,12,26,8333.87
13,13,26,8149.765
12,14,26,7924.708
18,9,27,6867.932
17,10,27,7520.414
16,11,27,7956.946
15,12,27,8263.852
14,13,27,8331.553
13,14,27,8124.341
12,15,27,7663.438
19,9,28,6614.792
18,10,28,7388.346
17,11,28,7799.264
16,12,28,8272.413
15,13,28,8309.894
14,14,28,8447.744
13,15,28,7907.479
12,16,28,7478.79
20,9,29,6444.031
19,10,29,7167.067
18,11,29,7682.151
17,12,29,8113.202
16,13,29,8348.464
15,14,29,8448.635
14,15,29,8251.236
13,16,29,7748.52
12,17,29,7158.832
20,10,30,7034.531
19,11,30,7501.968
18,12,30,8054.506
17,13,30,8261.128
16,14,30,8520.654
15,15,30,8353.506
14,16,30,8122.707
12,18,30,6904.204
21,10,31,6813.09
20,11,31,7398.677
19,12,31,7869.188
18,13,31,8225.517
17,14,31,8458.291
16,15,31,8481.167
15,16,31,8281.8
14,17,31,7869.209
21,11,32,7219.881
20,12,32,7803.84
19,13,32,8100.344
18,14,32,8481.468
17,15,32,8464.12
16,16,32,8493.129
15,17,32,8072.404
14,18,32,7700.008
22,11,33,7089.926
21,12,33,7636.455
20,13,33,8020.616
19,14,33,8361.059
18,15,33,8513.806
17,16,33,8497.63
16,17,33,8304.755
15,18,33,7928.955
23,11,34,6886.437
22,12,34,7550.39
21,13,34,7860.428
20,14,34,8336.141
19,15,34,8448.185
18,16,34,8583.498
17,17,34,8398.97
16,18,34,8197.672
23,12,35,7356.233
22,13,35,7787.124
21,14,35,8169.563
20,15,35,8446.249
19,16,35,8537.85
18,17,35,8520.278
17,18,35,8327.461
16,19,35,7965.84
24,12,36,7244.419
23,13,36,7623.515
22,14,36,8112.519
21,15,36,8307.868
20,16,36,8575.389
19,17,36,8521.931
18,18,36,8519.909
17,19,36,8142.219
16,20,36,7815.879
25,12,37,7055.111
24,13,37,7531.315
23,14,37,7952.903
22,15,37,8267.555
21,16,37,8459.935
20,17,37,8570.281
19,18,37,8527.139
18,19,37,8339.847
17,20,37,8003.456
25,13,38,7377.097
24,14,38,7892.829
23,15,38,8147.274
22,16,38,8448.782
21,17,38,8505.481
20,18,38,8614.28
19,19,38,8438.058
18,20,38,8240.043
25,14,39,7730.979
24,15,39,8097.969
23,16,39,8344.269
22,17,39,8494.402
21,18,39,8562.598
20,19,39,8557.025
19,20,39,8369.67
18,21,39,8013.456
26,14,40,7661.754
25,15,40,7980.796
24,16,40,8329.325
23,17,40,8427.765
22,18,40,8595.259
21,19,40,8538.09
20,20,40,8551.303
19,21,40,8173.669
18,22,40,7862.286
27,14,41,7508.573
26,15,41,7906.551
25,16,41,8229.635
24,17,41,8412.959
23,18,41,8534.372
22,19,41,8576.072
21,20,41,8546.706
20,21,41,8369.198
19,22,41,8034.388
27,15,42,7767.866
26,16,42,8193.227
25,17,42,8345.886
24,18,42,8555.613
23,19,42,8551.256
22,20,42,8616.563
21,21,42,8444.933
20,22,42,8259.247
28,15,43,7689.572
27,16,43,8063.827
26,17,43,8323.866
25,18,43,8488.237
24,19,43,8576.22
23,20,43,8600.663
22,21,43,8530.825
21,22,43,8352.932
20,23,43,8069.512
28,16,44,7996.015
27,17,44,8232.332
26,18,44,8493.84
25,19,44,8546.701
24,20,44,8658.175
23,21,44,8557.379
22,22,44,8533.52
21,23,44,8210.463
29,16,45,7881.807
28,17,45,8181.598
27,18,45,8419.952
26,19,45,8554.674
25,20,45,8630.545
24,21,45,8618.931
23,22,45,8555.722
22,23,45,8380.029
21,24,45,8087.728
29,17,46,8083.48
28,18,46,8412.419
27,19,46,8518.042
26,20,46,8668.979
25,21,46,8622.012
24,22,46,8656.451
23,23,46,8486.13
22,24,46,8303.823
29,18,47,8311.404
28,19,47,8514.879
27,20,47,8639.349
26,21,47,8665.09
25,22,47,8661.227
24,23,47,8582.225
23,24,47,8407.195
22,25,47,8135.311
30,18,48,8242.132
29,19,48,8434.232
28,20,48,8666.686
27,21,48,8656.204
26,22,48,8723.006
25,23,48,8623.061
24,24,48,8572.269
23,25,48,8274.185
30,19,49,8372.274
29,20,49,8594.844
28,21,49,8686.256
27,22,49,8711.157
26,23,49,8682.908
25,24,49,8613.291
24,25,49,8439.929
23,26,49,8161.311
31,19,50,8288.582
30,20,50,8550.163
29,21,50,8633.679
28,22,50,8755.718
27,23,50,8695.918
26,24,50,8701.032
25,25,50,8532.696
24,26,50,8354.026
32,19,51,8221.349
31,20,51,8476.913
30,21,51,8596.796
29,22,51,8708.988
28,23,51,8742.099
27,24,51,8712.005
26,25,51,8633.772
25,26,51,8460.759
24,27,51,8193.254
33,19,52,8115.029
32,20,52,8429.381
31,21,52,8533.125
30,22,52,8691.667
29,23,52,8714.582
28,24,52,8775.989
27,25,52,8670.329
26,26,52,8609.574
25,27,52,8325.886
34,19,53,8022.848
33,20,53,8330.577
32,21,53,8495.421
31,22,53,8630.174
30,23,53,8710.13
29,24,53,8760.198
28,25,53,8734.175
27,26,53,8648.799
26,27,53,8477.658
25,28,53,8217.074
34,20,54,8247.496
33,21,54,8394.681
32,22,54,8597.435
31,23,54,8662.043
30,24,54,8777.955
29,25,54,8737.965
28,26,54,8736.382
27,27,54,8569.217
26,28,54,8393.032
34,21,55,8320.955
33,22,55,8515.98
32,23,55,8637.692
31,24,55,8731.924
30,25,55,8765.022
29,26,55,8746.595
28,27,55,8669.618
27,28,55,8497.32
26,29,55,8233.996
35,21,56,8221.728
34,22,56,8466.11
33,23,56,8574.191
32,24,56,8723.258
31,25,56,8738.333
30,26,56,8790.354
29,27,56,8694.836
28,28,56,8642.779
27,29,56,8356.227
36,21,57,8151.433
35,22,57,8364.37
34,23,57,8534.817
33,24,57,8663.394
32,25,57,8736.713
31,26,57,8770.279
30,27,57,8741.882
29,28,57,8670.933
28,29,57,8503.262
35,23,58,8457.658
34,24,58,8643.998
33,25,58,8696.643
32,26,58,8792.25
31,27,58,8738.969
30,28,58,8732.059
29,29,58,8570.967
28,30,58,8395.944
36,23,59,8407.555
35,24,59,8568.087
34,25,59,8680.921
33,26,59,8754.771
32,27,59,8768.035
31,28,59,8736.588
30,29,59,8642
29,30,59,8473.777
37,23,60,8325.45
36,24,60,8536.205
35,25,60,8628.138
34,26,60,8755.851
33,27,60,8746.766
32,28,60,8780.774
31,29,60,8665.602
30,30,60,8583.05
38,23,61,8276.439
37,24,61,8459.824
36,25,61,8598.915
35,26,61,8703.768
34,27,61,8756.148
33,28,61,8765.025
32,29,61,8715.514
31,30,61,8610.309
30,31,61,8446.431
38,24,62,8428.069
37,25,62,8538.499
36,26,62,8692.882
35,27,62,8721.332
34,28,62,8794.553
33,29,62,8718.081
32,30,62,8679.343
31,31,62,8518.642
39,24,63,8344.828
38,25,63,8505.101
37,26,63,8631.549
36,27,63,8717.795
35,28,63,8763.493
34,29,63,8752.138
33,30,63,8686.285
32,31,63,8583.926
31,32,63,8418.716
40,24,64,8301.058
39,25,64,8437.417
38,26,64,8612.388
37,27,64,8675.52
36,28,64,8777.461
35,29,64,8739.075
34,30,64,8735.905
33,31,64,8611.631
32,32,64,8528.823
40,25,65,8400.681
39,26,65,8546.346
38,27,65,8656.884
37,28,65,8736.24
36,29,65,8757.096
35,30,65,8724.265
34,31,65,8662.16
33,32,65,8555.058
32,33,65,8396.234
41,25,66,8331.798
40,26,66,8521.724
39,27,66,8605.941
38,28,66,8739.508
37,29,66,8731.472
36,30,66,8759.632
35,31,66,8669.361
34,32,66,8625.437
33,33,66,8468.403
41,26,67,8448.469
40,27,67,8581.741
39,28,67,8695.75
38,29,67,8737.458
37,30,67,8734.152
36,31,67,8707.531
35,32,67,8632.857
34,33,67,8530.568
33,34,67,8369.534
42,26,68,8411.698
41,27,68,8524.366
40,28,68,8682.466
39,29,68,8701.89
38,30,68,8755.68
37,31,68,8701.218
36,32,68,8688.136
35,33,68,8557.745
34,34,68,8477.047
42,27,69,8493.865
41,28,69,8623.099
40,29,69,8695.204
39,30,69,8722.729
38,31,69,8724.579
37,32,69,8680.963
36,33,69,8611.821
35,34,69,8503.707
34,35,69,8344.902
42,28,70,8604.291
41,29,70,8646.865
40,30,70,8729.808
39,31,70,8709.28
38,32,70,8721.7
37,33,70,8621.666
36,34,70,8576.033
35,35,70,8414.796
44,27,71,8398.734
43,28,71,8543.156
42,29,71,8635.022
41,30,71,8689.041
40,31,71,8717.604
39,32,71,8703.309
38,33,71,8663.932
37,34,71,8586.06
36,35,71,8481.462
35,36,71,8327.13
44,28,72,8520.211
43,29,72,8586.525
42,30,72,8691.805
41,31,72,8687.089
40,32,72,8731.745
39,33,72,8660.378
38,34,72,8644.489
37,35,72,8511.312
36,36,72,8429.319
45,28,73,8457.652
44,29,73,8568.569
43,30,73,8648.345
42,31,73,8693.873
41,32,73,8705.049
40,33,73,8689.609
39,34,73,8641.558
38,35,73,8568.103
37,36,73,8460.184
45,29,74,8521.562
44,30,74,8642.754
43,31,74,8663.167
42,32,74,8725.2
41,33,74,8680.001
40,34,74,8687.715
39,35,74,8583.561
38,36,74,8533.038
37,37,74,8381.712
46,29,75,8495.094
45,30,75,8592.497
44,31,75,8660.808
43,32,75,8695.609
42,33,75,8700.874
41,34,75,8678.913
40,35,75,8627.649
39,36,75,8553.439
38,37,75,8448.275
37,38,75,8296.511
47,29,76,8443.527
46,30,76,8582.273
45,31,76,8624.526
44,32,76,8705.236
43,33,76,8682.816
42,34,76,8711.477
41,35,76,8635.882
40,36,76,8608.807
39,37,76,8486.215
38,38,76,8393.929
47,30,77,8530.003
46,31,77,8613.39
45,32,77,8671.028
44,33,77,8695.978
43,34,77,8694.69
42,35,77,8666.806
41,36,77,8616.836
40,37,77,8537.339
39,38,77,8435.918
49,29,78,8350.925
48,30,78,8507.379
47,31,78,8577.127
46,32,78,8671.663
45,33,78,8673.875
44,34,78,8717.806
43,35,78,8661.959
42,36,78,8661.238
41,37,78,8558.35
40,38,78,8500.096
49,30,79,8450.582
48,31,79,8556.063
47,32,79,8634.501
46,33,79,8676.616
45,34,79,8695.592
44,35,79,8687.594
43,36,79,8657.112
42,37,79,8601.142
41,38,79,8523.82
40,39,79,8416.967
50,30,80,8423.545
49,31,80,8508.454
48,32,80,8627.57
47,33,80,8651.28
46,34,80,8710.813
45,35,80,8677.653
44,36,80,8692.928
43,37,80,8611.675
42,38,80,8578.596
41,39,80,8454.275
51,30,81,8351.925
50,31,81,8483.357
49,32,81,8580.658
48,33,81,8648.056
47,34,81,8685.999
46,35,81,8695.946
45,36,81,8682.82
44,37,81,8645.513
43,38,81,8587.354
42,39,81,8505.902
41,40,81,8394.358
52,30,82,8301.117
51,31,82,8421.049
50,32,82,8563.756
49,33,82,8611.414
48,34,82,8693.196
47,35,82,8682.494
46,36,82,8710.675
45,37,82,8647.427
44,38,82,8635.718
43,39,82,8529.275
42,40,82,8465.676
52,31,83,8372.575
51,32,83,8504.345
50,33,83,8599.653
49,34,83,8658.555
48,35,83,8693.384
47,36,83,8695.729
46,37,83,8675.218
45,38,83,8638.407
44,39,83,8573.656
43,40,83,8488.399
42,41,83,8378.304
52,32,84,8465.524
51,33,84,8547.938
50,34,84,8658.793
49,35,84,8671.329
48,36,84,8717.446
47,37,84,8676.224
46,38,84,8677.512
45,39,84,8587.78
44,40,84,8549.029
43,41,84,8418.252
53,32,85,8401.768
52,33,85,8510.984
51,34,85,8610.304
50,35,85,8673.592
49,36,85,8698.562
48,37,85,8697.441
47,38,85,8675.718
46,39,85,8628.148
45,40,85,8564.039
44,41,85,8473.711
43,42,85,8361.331
54,32,86,8354.629
53,33,86,8456.721
52,34,86,8581.822
51,35,86,8632.365
50,36,86,8712.029
49,37,86,8696.901
48,38,86,8708.456
47,39,86,8638.428
46,40,86,8614.051
45,41,86,8502.222
44,42,86,8434.709
54,33,87,8413.851
53,34,87,8529.091
52,35,87,8605.91
51,36,87,8675.283
50,37,87,8710.983
49,38,87,8705.236
48,39,87,8674.844
47,40,87,8623.654
46,41,87,8551.757
45,42,87,8462.424
44,43,87,8347.744
54,34,88,8495.004
53,35,88,8563.747
52,36,88,8656.849
51,37,88,8681.115
50,38,88,8732.595
49,39,88,8682.539
48,40,88,8666.033
47,41,88,8572.424
46,42,88,8523.908
45,43,88,8389.958
55,34,89,8435.279
54,35,89,8530.779
53,36,89,8614.815
52,37,89,8664.189
51,38,89,8705.922
50,39,89,8713.978
49,40,89,8673.359
48,41,89,8616.812
47,42,89,8544.984
46,43,89,8450.575
56,34,90,8395.766
55,35,90,8478.186
54,36,90,8591.259
53,37,90,8631.512
52,38,90,8695.972
51,39,90,8693.345
50,40,90,8709.969
49,41,90,8633.376
48,42,90,8597.028
47,43,90,8483.359
46,44,90,8409.768
57,34,91,8334.837
56,35,91,8441.923
55,36,91,8541.751
54,37,91,8607.561
53,38,91,8663.875
52,39,91,8684.941
51,40,91,8693.314
50,41,91,8670.897
49,42,91,8613.628
48,43,91,8536.655
47,44,91,8442.928
57,35,92,8384.911
56,36,92,8512.674
55,37,92,8569.422
54,38,92,8648.906
53,39,92,8661.589
52,40,92,8692.678
51,41,92,8662.372
50,42,92,8657.73
49,43,92,8563.543
48,44,92,8504.773
47,45,92,8373.42
58,35,93,8345.598
57,36,93,8458.108
56,37,93,8540.92
55,38,93,8612.787
54,39,93,8648.905
53,40,93,8671.62
52,41,93,8664.184
51,42,93,8651.409
50,43,93,8608.577
49,44,93,8531.462
48,45,93,8434.825
58,36,94,8424.331
57,37,94,8492.764
56,38,94,8593.834
55,39,94,8622.806
54,40,94,8666.801
53,41,94,8648.901
52,42,94,8662.333
51,43,94,8608.736
50,44,94,8583.661
49,45,94,8472.402
48,46,94,8391.682
59,36,95,8365.995
58,37,95,8460.208
57,38,95,8549.111
56,39,95,8604.973
55,40,95,8643.592
54,41,95,8647.212
53,42,95,8648.72
52,43,95,8622.69
51,44,95,8587.47
50,45,95,8525.37
49,46,95,8428.98
60,36,96,8330.851
59,37,96,8408.896
58,38,96,8521.265
57,39,96,8569.488
56,40,96,8635.327
55,41,96,8628.886
54,42,96,8653.987
53,43,96,8614.866
52,44,96,8609.412
51,45,96,8534.673
50,46,96,8490.02
49,47,96,8360.29
61,36,97,8269.864
60,37,97,8376.186
59,38,97,8471.856
58,39,97,8541.522
57,40,97,8603.779
56,41,97,8623.168
55,42,97,8635.092
54,43,97,8623.725
53,44,97,8604.279
52,45,97,8559.894
51,46,97,8502.43
50,47,97,8422.405
61,37,98,8330.729
60,38,98,8445.745
59,39,98,8497.677
58,40,98,8581.448
57,41,98,8596.301
56,42,98,8635.168
55,43,98,8610.004
54,44,98,8620.313
53,45,98,8560.803
52,46,98,8533.899
51,47,98,8441.686
50,48,98,8378.295
62,37,99,8295.3
61,38,99,8402.552
60,39,99,8476.755
59,40,99,8539.264
58,41,99,8578.985
57,42,99,8607.797
56,43,99,8613.61
55,44,99,8608.712
54,45,99,8580.163
53,46,99,8537.93
52,47,99,8474.774
51,48,99,8398.373
63,37,100,8244.32
62,38,100,8372.234
61,39,100,8439.476
60,40,100,8522.153
59,41,100,8548.529
58,42,100,8604.662
57,43,100,8595.118
56,44,100,8619.359
55,45,100,8575.172
54,46,100,8563.566
53,47,100,8484.994
52,48,100,8437.737
51,49,100,8331.097
50,50,100,8252.974
63,38,101,8324.74
62,39,101,8413.391
61,40,101,8485.892
60,41,101,8534.835
59,42,101,8572.915
58,43,101,8593.136
57,44,101,8601.365
56,45,101,8588.216
55,46,101,8560.864
54,47,101,8512.546
53,48,101,8450.365
51,50,101,8281.102
64,38,102,8291.22
63,39,102,8371.922
62,40,102,8466.355
61,41,102,8504.928
60,42,102,8568.45
59,43,102,8570.65
58,44,102,8607.427
57,45,102,8576.981
56,46,102,8580.29
55,47,102,8517.164
54,48,102,8484.131
53,49,102,8388.571
52,50,102,8324.43
64,39,103,8342.638
63,40,103,8425.895
62,41,103,8488.331
61,42,103,8538.328
60,43,103,8566.103
59,44,103,8584.365
58,45,103,8584.192
57,46,103,8571.019
56,47,103,8537.651
55,48,103,8489.754
54,49,103,8423.721
53,50,103,8341.757
64,40,104,8402.377
63,41,104,8453.459
62,42,104,8527.965
61,43,104,8541.149
60,44,104,8587.399
59,45,104,8568.949
58,46,104,8584.848
57,47,104,8536.184
56,48,104,8517.622
55,49,104,8435.237
54,50,104,8383.911
53,51,104,8256.644
66,39,105,8269.02
65,40,105,8358.659
64,41,105,8431.692
63,42,105,8494.923
62,43,105,8534.643
61,44,105,8561.9
60,45,105,8572.704
59,46,105,8570.65
58,47,105,8550.37
57,48,105,8516.852
56,49,105,8464.704
55,50,105,8397.228
54,51,105,8300.992
53,52,105,8186.836
66,40,106,8328.45
65,41,106,8393.271
64,42,106,8479.581
63,43,106,8506.556
62,44,106,8560.94
61,45,106,8553.931
60,46,106,8579.992
59,47,106,8544.639
58,48,106,8539.048
57,49,106,8470.12
56,50,106,8432.038
55,51,106,8322.012
54,52,106,8236.767
67,40,107,8287.073
66,41,107,8367.089
65,42,107,8442.28
64,43,107,8492.897
63,44,107,8533.366
62,45,107,8554.103
61,46,107,8560.894
60,47,107,8553.9
59,48,107,8533.351
58,49,107,8494.021
57,50,107,8439.494
56,51,107,8358.734
55,52,107,8256.899
67,41,108,8325.665
66,42,108,8422.219
65,43,108,8462.816
64,44,108,8527.225
63,45,108,8532.67
62,46,108,8567.023
61,47,108,8542.025
60,48,108,8550.019
59,49,108,8495.251
58,50,108,8469.027
57,51,108,8372.666
56,52,108,8303.721
55,53,108,8174.884
68,41,109,8297.13
67,42,109,8381.477
66,43,109,8444.178
65,44,109,8496.227
64,45,109,8528.142
63,46,109,8544.882
62,47,109,8547.915
61,48,109,8538.764
60,49,109,8513.102
59,50,109,8470.518
58,51,109,8404.815
57,52,109,8319.33
56,53,109,8220.016
55,54,109,8107.306
69,41,110,8255.26
68,42,110,8359.354
67,43,110,8411.259
66,44,110,8486.311
65,45,110,8504.254
64,46,110,8547.162
63,47,110,8532.108
62,48,110,8551.275
61,49,110,8508.908
60,50,110,8496.087
59,51,110,8412.681
58,52,110,8358.115
57,53,110,8244.043
56,54,110,8159.28
69,42,111,8315.292
68,43,111,8390.089
67,44,111,8452.957
66,45,111,8495.631
65,46,111,8521.749
64,47,111,8534.787
63,48,111,8537.079
62,49,111,8522.282
61,50,111,8493.13
60,51,111,8440.12
59,52,111,8367.763
58,53,111,8282.934
57,54,111,8180.766
69,43,112,8353.621
68,44,112,8439.242
67,45,112,8468.87
66,46,112,8520.724
65,47,112,8516.08
64,48,112,8544.73
63,49,112,8514.667
62,50,112,8513.618
61,51,112,8443.632
60,52,112,8400.652
59,53,112,8299.879
58,54,112,8230.064
57,55,112,8100.435
70,43,113,8329.464
69,44,113,8402.688
68,45,113,8456.821
67,46,113,8492.584
66,47,113,8516.065
65,48,113,8526.987
64,49,113,8522.929
63,50,113,8506.811
62,51,113,8465.275
61,52,113,8404.636
60,53,113,8333.752
59,54,113,8247.927
58,55,113,8148.622
71,43,114,8290.259
70,44,114,8385.34
69,45,114,8426.624
68,46,114,8488.01
67,47,114,8493.778
66,48,114,8531.513
65,49,114,8511.973
64,50,114,8522.566
63,51,114,8462.518
62,52,114,8432.778
60,54,114,8289.205
59,55,114,8173.538
58,56,114,8089.686
72,43,115,8268.527
71,44,115,8347.547
70,45,115,8410.658
69,46,115,8457.738
68,47,115,8490.555
67,48,115,8510.724
66,49,115,8516.546
65,50,115,8514.069
64,51,115,8480.915
63,52,115,8431.15
62,53,115,8374.564
61,54,115,8300.97
72,44,116,8326.883
71,45,116,8377.615
70,46,116,8449.28
69,47,116,8465.907
68,48,116,8512.35
67,49,116,8501.617
66,50,116,8523.116
65,51,116,8475.821
64,52,116,8455.687
63,53,116,8381.902
62,54,116,8336.834
73,44,117,8285.562
72,45,117,8359.281
71,46,117,8416.929
70,47,117,8459.452
69,48,117,8488.973
68,49,117,8503.865
67,50,117,8509.611
66,51,117,8487.897
65,52,117,8450.919
64,53,117,8404.409
63,54,117,8344.297
62,55,117,8271.864
61,56,117,8187.953
73,45,118,8322.858
72,46,118,8405.222
71,47,118,8433.889
70,48,118,8487.834
69,49,118,8485.667
68,50,118,8516.533
67,51,118,8478.915
66,52,118,8469.746
65,53,118,8406.12
64,54,118,8374.981
63,55,118,8286.404
74,45,119,8303.394
73,46,119,8368.964
72,47,119,8423.212
71,48,119,8461.438
70,49,119,8486.143
69,50,119,8499.449
68,51,119,8487.91
67,52,119,8462.066
66,53,119,8426.789
65,54,119,8378.441
64,55,119,8317.334
63,56,119,8245.928
74,46,120,8357.085
73,47,120,8395.327
72,48,120,8458.023
71,49,120,8466.262
70,50,120,8504.492
69,51,120,8475.635
68,52,120,8477.034
67,53,120,8423.722
66,54,120,8404.031
65,55,120,8328.48
64,56,120,8280.294
76,45,121,8245.239
75,46,121,8320.858
74,47,121,8382.33
73,48,121,8430.996
72,49,121,8463.887
71,50,121,8485.201
70,51,121,8482.066
69,52,121,8466.883
68,53,121,8441.458
67,54,121,8403.832
66,55,121,8352.914
65,56,121,8293.907
76,46,122,8305.975
75,47,122,8352.758
74,48,122,8424.266
73,49,122,8442.118
72,50,122,8487.907
71,51,122,8468.331
70,52,122,8478.14
69,53,122,8437.023
68,54,122,8424.664
67,55,122,8359.151
66,56,122,8323.756
77,46,123,8270.031
76,47,123,8337.803
75,48,123,8395.395
74,49,123,8437.946
73,50,123,8467.243
72,51,123,8472.328
71,52,123,8465.546
70,53,123,8449.198
69,54,123,8420.927
68,55,123,8380.379
67,56,123,8330.208
77,47,124,8308.655
76,48,124,8387.035
75,49,124,8414.343
74,50,124,8467.421
73,51,124,8456.16
72,52,124,8473.279
71,53,124,8441.489
70,54,124,8437.565
69,55,124,8383.432
68,56,124,8355.82
67,57,124,8278.292
78,47,125,8293.314
77,48,125,8357.681
76,49,125,8408.452
75,50,125,8445.55
74,51,125,8458.17
73,52,125,8458.045
72,53,125,8450.3
71,54,125,8430.89
70,55,125,8399.788
69,56,125,8358.178
68,57,125,8304.643
78,48,126,8346.747
77,49,126,8384.317
76,50,126,8443.523
75,51,126,8440.314
74,52,126,8463.248
73,53,126,8439.944
72,54,126,8443.541
71,55,126,8399.268
70,56,126,8379.718
69,57,126,8312.426
68,58,126,8273.257
79,48,127,8316.945
78,49,127,8374.949
77,50,127,8420.557
76,51,127,8439.82
75,52,127,8446.118
74,53,127,8445.487
73,54,127,8434.111
72,55,127,8411.562
71,56,127,8378.455
70,57,127,8333.54
69,58,127,8280.791
80,48,128,8303.264
79,49,128,8351.09
78,50,128,8416.979
77,51,128,8420.775
76,52,128,8448.752
75,53,128,8432.836
74,54,128,8443.298
73,55,128,8406.493
72,56,128,8396.06
71,57,128,8337.19
70,58,128,8306.925
69,59,128,8228.913
81,48,129,8269.034
80,49,129,8338.78
79,50,129,8392.818
78,51,129,8418.058
77,52,129,8430.409
76,53,129,8435.99
75,54,129,8431.39
74,55,129,8416.047
73,56,129,8391.098
72,57,129,8356.052
71,58,129,8310.94
70,59,129,8254.38
82,48,130,8252.586
81,49,130,8313.996
80,50,130,8386.816
79,51,130,8397.363
78,52,130,8430.324
77,53,130,8421.1
76,54,130,8437.731
75,55,130,8408.784
74,56,130,8405.549
73,57,130,8356.191
72,58,130,8333.216
71,59,130,8263.756
70,60,130,8222.513
83,48,131,8206.175
82,49,131,8297.959
81,50,131,8362.517
80,51,131,8392.552
79,52,131,8411.233
78,53,131,8422.297
77,54,131,8423.736
76,55,131,8415.056
75,56,131,8398.587
74,57,131,8370.367
73,58,131,8333.396
72,59,131,8286.143
71,60,131,8230.304
83,49,132,8253.715
82,50,132,8354.872
81,51,132,8372.344
80,52,132,8408.485
79,53,132,8406.462
78,54,132,8427.622
77,55,132,8405.587
76,56,132,8409.375
75,57,132,8367.756
74,58,132,8352.338
73,59,132,8291.537
72,60,132,8256.81
83,50,133,8310.088
82,51,133,8364.729
81,52,133,8389.025
80,53,133,8405.106
79,54,133,8412.647
78,55,133,8409.978
77,56,133,8400.206
76,57,133,8378.841
75,58,133,8349.829
74,59,133,8310.258
73,60,133,8262.231
72,61,133,8204.283
84,50,134,8275.171
83,51,134,8325.95
82,52,134,8383.643
81,53,134,8389.071
80,54,134,8413.699
79,55,134,8398.646
78,56,134,8408.171
77,57,134,8374.488
76,58,134,8365.771
75,59,134,8312.881
74,60,134,8285.538
73,61,134,8213.225
85,50,135,8230.687
84,51,135,8291.989
83,52,135,8345.738
82,53,135,8384.76
81,54,135,8398.476
80,55,135,8401.336
79,56,135,8397.533
78,57,135,8382.795
77,58,135,8361.984
76,59,135,8328.928
75,60,135,8288.153
74,61,135,8236.717
73,62,135,8177.626
85,51,136,8252.252
84,52,136,8319.429
83,53,136,8351.323
82,54,136,8396.188
81,55,136,8389.77
80,56,136,8402.755
79,57,136,8376.05
78,58,136,8373.76
77,59,136,8330.008
76,60,136,8308.512
75,61,136,8243.72
74,62,136,8205.916
86,51,137,8218.476
85,52,137,8280.235
84,53,137,8326.002
83,54,137,8364.286
82,55,137,8388.956
81,56,137,8391.827
80,57,137,8381.879
79,58,137,8367.248
78,59,137,8341.706
77,60,137,8309.593
76,61,137,8263.651
75,62,137,8213.806
74,63,137,8150.573
87,51,138,8175.091
86,52,138,8252.578
85,53,138,8292.444
84,54,138,8344.69
83,55,138,8360.142
82,56,138,8393.42
81,57,138,8375.125
80,58,138,8377.077
79,59,138,8339.255
78,60,138,8325.502
77,61,138,8268.544
76,62,138,8237.928
75,63,138,8161.62
87,52,139,8211.771
86,53,139,8265.609
85,54,139,8311.59
84,55,139,8342.338
83,56,139,8367.017
82,57,139,8378.025
81,58,139,8370.395
80,59,139,8349.449
79,60,139,8323.642
78,61,139,8285.543
77,62,139,8243.078
76,63,139,8187.218
88,52,140,8184.847
87,53,140,8229.473
86,54,140,8290.887
85,55,140,8314.325
84,56,140,8353.16
83,57,140,8355.047
82,58,140,8376.317
81,59,140,8346.529
80,60,140,8337.875
79,61,140,8289.107
78,62,140,8263.82
77,63,140,8197.732
76,64,140,8154.975
75,65,140,8068.672
88,53,141,8202.255
87,54,141,8255.364
86,55,141,8294.356
85,56,141,8326.078
84,57,141,8343.217
83,58,141,8355.408
82,59,141,8353.992
81,60,141,8335.515
80,61,141,8303.94
79,62,141,8265.845
78,63,141,8217.684
77,64,141,8164.608
76,65,141,8097.475
89,53,142,8165.019
88,54,142,8233.169
87,55,142,8264.877
86,56,142,8310.971
85,57,142,8320.828
84,58,142,8347.071
83,59,142,8336.31
82,60,142,8346.03
81,61,142,8306.662
80,62,142,8285.972
79,63,142,8226.427
78,64,142,8190.256
77,65,142,8111.507
89,54,143,8196.885
88,55,143,8243.67
87,56,143,8281.987
86,57,143,8306.127
85,58,143,8324.678
84,59,143,8329.428
83,60,143,8330.488
82,61,143,8317.733
81,62,143,8288.182
80,63,143,8245.817
79,64,143,8198.318
78,65,143,8138.217
77,66,143,8075.052
90,54,144,8172.884
89,55,144,8211.889
88,56,144,8265.454
87,57,144,8281.428
86,58,144,8314.76
85,59,144,8311.54
84,60,144,8326.922
83,61,144,8305.296
82,62,144,8303.679
81,63,144,8254.173
80,64,144,8221.937
79,65,144,8151.287
78,66,144,8105.589
77,67,144,8017.097
91,54,145,8135.087
90,55,145,8188.733
89,56,145,8234.798
88,57,145,8266.087
87,58,145,8289.875
86,59,145,8302.127
85,60,145,8309.187
84,61,145,8302.657
83,62,145,8293.013
82,63,145,8269.274
81,64,145,8228.946
80,65,145,8178.461
79,66,145,8116.888
78,67,145,8048.578
92,54,146,8110.415
91,55,146,8155.436
90,56,146,8216.082
89,57,146,8238.828
88,58,146,8278.573
87,59,146,8280.376
86,60,146,8304.092
85,61,146,8288.654
84,62,146,8293.857
83,63,146,8261.932
82,64,146,8249.506
81,65,146,8187.146
80,66,146,8146.112
79,67,146,8063.242
78,68,146,8010.512
92,55,147,8131.8
91,56,147,8183.24
90,57,147,8221.553
89,58,147,8252.527
88,59,147,8270.539
87,60,147,8283.603
86,61,147,8284.372
85,62,147,8280.575
84,63,147,8263.541
83,64,147,8243.336
82,65,147,8206.624
81,66,147,8156.767
80,67,147,8094.037
79,68,147,8026.475
78,69,147,7948.817
93,55,148,8097.546
92,56,148,8164.441
91,57,148,8193.716
90,58,148,8240.387
89,59,148,8249.54
88,60,148,8277.177
87,61,148,8268.226
86,62,148,8279.633
85,63,148,8253.827
84,64,148,8248.338
83,65,148,8204.321
82,66,148,8180.943
81,67,148,8108.979
80,68,148,8059.692
79,69,148,7968.5
93,56,149,8133.793
92,57,149,8176.191
91,58,149,8214.229
90,59,149,8238.303
89,60,149,8255.442
88,61,149,8261.526
87,62,149,8263.466
86,63,149,8253.554
85,64,149,8239.484
84,65,149,8209.815
83,66,149,8179.109
82,67,149,8133.259
81,68,149,8074.955
93,57,150,8148.225
92,58,150,8201.122
91,59,150,8218.931
90,60,150,8249.577
89,61,150,8243.81
88,62,150,8261.621
87,63,150,8241.346
86,64,150,8242.609
85,65,150,8206.338
84,66,150,8189.149
83,67,150,8134.842
82,68,150,8102.195
94,57,151,8129.043
93,58,151,8176.277
92,59,151,8207.881
91,60,151,8230.272
90,61,151,8241.27
89,62,151,8243.971
88,63,151,8239.297
87,64,151,8231.043
86,65,151,8208.873
85,66,151,8184.678
84,67,151,8145.526
83,68,151,8104.872
82,69,151,8050.064
81,70,151,7983.755
93,59,152,8187.104
92,60,152,8224.005
91,61,152,8226.127
90,62,152,8244.061
89,63,152,8226.583
88,64,152,8233.401
87,65,152,8202.004
86,66,152,8192.916
85,67,152,8144.919
84,68,152,8119.349
83,69,152,8056.438
82,70,152,8015.436
94,59,153,8172.036
93,60,153,8204.582
92,61,153,8221.152
91,62,153,8228.534
90,63,153,8228.699
89,64,153,8220.418
88,65,153,8205.048
87,66,153,8185.749
86,67,153,8153.637
85,68,153,8118.827
84,69,153,8071.261
82,71,153,7959.07
95,59,154,8148.892
94,60,154,8193.942
93,61,154,8206.31
92,62,154,8226.835
91,63,154,8217.098
90,64,154,8224.796
89,65,154,8196.666
88,66,154,8193.129
87,67,154,8150.681
86,68,154,8132.392
85,69,154,8074.208
84,70,154,8039.939
96,59,155,8131.039
95,60,155,8170.304
94,61,155,8195.296
93,62,155,8211.223
92,63,155,8216.674
91,64,155,8213.251
90,65,155,8202.914
89,66,155,8184.354
88,67,155,8159.203
87,68,155,8129.444
86,69,155,8088.375
85,70,155,8043.823
84,71,155,7987.436
96,60,156,8158.066
95,61,156,8176.705
94,62,156,8205.003
93,63,156,8204.617
92,64,156,8215.322
91,65,156,8194.639
90,66,156,8192.433
89,67,156,8155.046
88,68,156,8141.908
87,69,156,8089.603
86,70,156,8061.711
85,71,156,7995.374
84,72,156,7952.65
97,60,157,8131.959
96,61,157,8164.145
95,62,157,8187.063
94,63,157,8199.795
93,64,157,8203.504
92,65,157,8198.138
91,66,157,8184.627
90,67,157,8163.136
89,68,157,8136.375
88,69,157,8101.428
87,70,157,8062.767
86,71,157,8013.317
84,73,157,7896.043
97,61,158,8143.254
96,62,158,8177.297
95,63,158,8185.035
94,64,158,8201.819
93,65,158,8189.153
92,66,158,8190.13
91,67,158,8158.471
90,68,158,8147.926
89,69,158,8101.199
88,70,158,8079.203
87,71,158,8018.568
86,72,158,7981.276
98,61,159,8126.859
97,62,159,8157.495
96,63,159,8176.697
95,64,159,8187.614
94,65,159,8188.8
93,66,159,8181.583
92,67,159,8165.105
91,68,159,8142.773
90,69,159,8112.754
89,70,159,8078.074
88,71,159,8034.6
87,72,159,7986.56
86,73,159,7928.725
98,62,160,8144.625
97,63,160,8160.021
96,64,160,8183.014
95,65,160,8177.465
94,66,160,8184.054
93,67,160,8158.602
92,68,160,8151.721
91,69,160,8110.818
90,70,160,8092.557
89,71,160,8038.338
88,72,160,8006.38
87,73,160,7938.27
86,74,160,7892.772
99,62,161,8122.041
98,63,161,8148.98
97,64,161,8167.191
96,65,161,8174.479
95,66,161,8173.31
94,67,161,8163.119
93,68,161,8145.864
92,69,161,8120.49
91,70,161,8090.417
90,71,161,8052.781
89,72,161,8009.117
88,73,161,7957.452
86,75,161,7836.312
99,63,162,8129.438
98,64,162,8159.035
97,65,162,8162.82
96,66,162,8173.457
95,67,162,8155.418
94,68,162,8152.397
93,69,162,8117.588
92,70,162,8102.565
91,71,162,8054.559
90,72,162,8027.12
89,73,162,7964.335
88,74,162,7923.821
100,63,163,8115.471
99,64,163,8140.297
98,65,163,8155.633
97,66,163,8161.785
96,67,163,8156.968
95,68,163,8144.741
94,69,163,8124.979
93,70,163,8099.138
92,71,163,8066.684
91,72,163,8027.972
90,73,163,7981.89
89,74,163,7930.302
88,75,163,7870.865
99,65,164,8139.765
98,66,164,8158.714
97,67,164,8147.929
96,68,164,8149.02
95,69,164,8119.623
94,70,164,8109.446
93,71,164,8065.804
92,72,164,8043.814
91,73,164,7986.997
90,74,164,7951.452
89,75,164,7881.052
88,76,164,7833.291
99,66,165,8143.909
98,67,165,8146.964
97,68,165,8139.936
96,69,165,8125.546
95,70,165,8104.839
94,71,165,8076.745
93,72,165,8042.872
92,73,165,8003.054
91,74,165,7955.968
90,75,165,7901.522
101,65,166,8113.68
100,66,166,8137.28
99,67,166,8135.499
98,68,166,8141.959
97,69,166,8118.946
96,70,166,8112.471
95,71,166,8074.175
94,72,166,8056.438
93,73,166,8004.971
92,74,166,7974.898
91,75,166,7909.977
90,76,166,7866.336
101,66,167,8120.992
100,67,167,8130.379
99,68,167,8131.746
98,69,167,8122.585
97,70,167,8106.205
96,71,167,8083.021
95,72,167,8054.184
94,73,167,8018.861
93,74,167,7976.733
91,76,167,7873.974
90,77,167,7812.825
102,66,168,8112.536
101,67,168,8116.817
100,68,168,8129.601
99,69,168,8114.954
98,70,168,8111.898
97,71,168,8080.372
96,72,168,8065.553
95,73,168,8019.428
94,74,168,7993.933
93,75,168,7935.12
92,76,168,7895.941
91,77,168,7823.85
90,78,168,7773.605
103,66,169,8094.763
102,67,169,8109.068
101,68,169,8117.019
100,69,169,8114.473
99,70,169,8104.532
98,71,169,8086.335
97,72,169,8061.778
96,73,169,8030.957
95,74,169,7994.537
94,75,169,7951.395
93,76,169,7901.284
92,77,169,7845.596
103,67,170,8093.796
102,68,170,8111.959
101,69,170,8105.517
100,70,170,8106.609
99,71,170,8081.668
98,72,170,8070.875
97,73,170,8030.296
96,74,170,8008.948
95,75,170,7955.065
94,76,170,7921.128
92,78,170,7808.236
104,67,171,8083.608
103,68,171,8097.746
102,69,171,8101.893
101,70,171,8097.882
100,71,171,8084.661
99,72,171,8066.068
98,73,171,8039.791
97,74,171,8008.115
96,75,171,7969.412
95,76,171,7924.204
94,77,171,7873.489
93,78,171,7816.619
92,79,171,7754.106
104,68,172,8090.41
103,69,172,8091.041
102,70,172,8097.429
101,71,172,8078.232
100,72,172,8071.743
99,73,172,8037.705
98,74,172,8020.175
97,75,172,7971.672
96,76,172,7942.163
95,77,172,7880.263
94,78,172,7839.247
93,79,172,7766.158
92,80,172,7713.591
104,69,173,8084.463
103,70,173,8087.427
102,71,173,8079.03
101,72,173,8066.016
100,73,173,8044.064
99,74,173,8018.333
98,75,173,7983.906
97,76,173,7944.033
96,77,173,7898.067
95,78,173,7845.42
94,79,173,7788.237
105,69,174,8070.642
104,70,174,8083.847
103,71,174,8071.453
102,72,174,8068.533
101,73,174,8040.452
100,74,174,8027.256
99,75,174,7985.094
98,76,174,7959.461
97,77,174,7902.483
96,78,174,7866.117
94,80,174,7749.784
106,69,175,8061.766
105,70,175,8070.925
104,71,175,8069.14
103,72,175,8060.761
102,73,175,8044.445
101,74,175,8024.112
100,75,175,7994.816
99,76,175,7960.729
98,77,175,7917.91
97,78,175,7869.548
96,79,175,7817.595
95,80,175,7759.231
107,69,176,8045.121
106,70,176,8064.085
105,71,176,8059.02
104,72,176,8061.359
103,73,176,8038.67
102,74,176,8030.112
101,75,176,7993.97
100,76,176,7972.679
99,77,176,7921.531
98,78,176,7888.992
97,79,176,7825.383
96,80,176,7782.665
95,81,176,7707.955
107,70,177,8049.973
106,71,177,8053.448
105,72,177,8051.835
104,73,177,8040.827
103,74,177,8025.035
102,75,177,8001.222
101,76,177,7972.436
100,77,177,7934.632
99,78,177,7892.489
98,79,177,7843.858
97,80,177,7789.932
96,81,177,7732.167
108,70,178,8042.841
107,71,178,8042.054
106,72,178,8049.442
104,74,178,8029.257
103,75,178,7998.157
102,76,178,7981.912
101,77,178,7936.549
100,78,178,7908.252
99,79,178,7849.398
98,80,178,7811.363
96,82,178,7690.83
108,71,179,8035.073
107,72,179,8038.546
106,73,179,8033.585
105,74,179,8023.281
104,75,179,8003.766
103,76,179,7979.48
102,77,179,7947.524
101,78,179,7910.675
100,79,179,7865.637
99,80,179,7816.236
98,81,179,7763.487
97,82,179,7701.468
109,71,180,8022.038
108,72,180,8034.93
107,73,180,8025.881
106,74,180,8025.442
105,75,180,7999.991
104,76,180,7987.425
103,77,180,7947.633
102,78,180,7923.611
101,79,180,7870.318
100,80,180,7836.11
99,81,180,7771.409
98,82,180,7725.7
110,71,181,8011.929
109,72,181,8022.002
108,73,181,8023.4
107,74,181,8017.948
106,75,181,8004.143
105,76,181,7983.426
104,77,181,7956.523
103,78,181,7924.126
102,79,181,7883.835
101,80,181,7839.679
100,81,181,7791.918
99,82,181,7734.107
110,72,182,8014.837
109,73,182,8012.628
108,74,182,8018.308
107,75,182,7998.625
106,76,182,7989.728
105,77,182,7954.894
104,78,182,7934.754
103,79,182,7887.226
102,80,182,7856.972
101,81,182,7796.36
100,82,182,7756.332
112,71,183,7984.812
111,72,183,8000.027
110,73,183,8006.735
109,74,183,8008.322
108,75,183,8001.009
107,76,183,7985.01
106,77,183,7961.823
105,78,183,7933.336
104,79,183,7898.564
103,80,183,7859.388
102,81,183,7815.673
101,82,183,7762.152
112,72,184,7990.722
111,73,184,7993.752
110,74,184,8005.077
109,75,184,7992.75
108,76,184,7988.677
107,77,184,7959.198
106,78,184,7942.574
105,79,184,7900.194
104,80,184,7874.367
103,81,184,7818.671
102,82,184,7782.725
101,83,184,7712.633
113,72,185,7973.97
112,73,185,7986.36
111,74,185,7992.907
110,75,185,7991.009
109,76,185,7981.304
108,77,185,7963.722
107,78,185,7939.777
106,79,185,7909.44
105,80,185,7874.538
104,81,185,7835.575
103,82,185,7786.932
114,72,186,7964.302
113,73,186,7971.835
112,74,186,7988.601
111,75,186,7981.269
110,76,186,7982.831
109,77,186,7958.047
108,78,186,7946.809
107,79,186,7909.54
106,80,186,7888.26
105,81,186,7837.535
104,82,186,7805.347
103,83,186,7739.121
102,84,186,7695.951
114,73,187,7963.212
113,74,187,7975.116
112,75,187,7977.951
111,76,187,7973.78
110,77,187,7960.668
109,78,187,7941.168
108,79,187,7917.427
107,80,187,7886.987
106,81,187,7852.464
105,82,187,7808.4
104,83,187,7758.208
103,84,187,7704.763
115,73,188,7946.321
114,74,188,7969.052
113,75,188,7966.747
112,76,188,7973.864
111,77,188,7954.85
110,78,188,7947.902
109,79,188,7914.753
108,80,188,7899.052
107,81,188,7853.053
106,82,188,7824.843
105,83,188,7764.189
104,84,188,7724.653
115,74,189,7953.454
114,75,189,7961.809
113,76,189,7963.002
112,77,189,7956.02
111,78,189,7941.403
110,79,189,7921.987
109,80,189,7896.919
108,81,189,7866.27
107,82,189,7826.299
106,83,189,7780.999
105,84,189,7731.131
116,74,190,7947.573
115,75,190,7950.053
114,76,190,7962.104
113,77,190,7947.701
112,78,190,7946.493
111,79,190,7918.834
110,80,190,7907.017
109,81,190,7866.064
108,82,190,7841.129
107,83,190,7785.342
106,84,190,7749.458
117,74,191,7931.435
116,75,191,7943.957
115,76,191,7950.568
114,77,191,7948.113
113,78,191,7938.727
112,79,191,7924.681
111,80,191,7903.8
110,81,191,7877.144
109,82,191,7841.363
108,83,191,7800.661
107,84,191,7753.786
106,85,191,7702.923
117,75,192,7930.238
116,76,192,7948.525
115,77,192,7938.999
114,78,192,7942.491
113,79,192,7920.102
112,80,192,7912.066
111,81,192,7876.016
110,82,192,7854.669
109,83,192,7803.608
108,84,192,7771.075
107,85,192,7709.727
118,75,193,7923.937
117,76,193,7936.27
116,77,193,7938.133
115,78,193,7933.786
114,79,193,7924.164
113,80,193,7907.972
112,81,193,7885.344
111,82,193,7853.919
110,83,193,7817.171
109,84,193,7773.95
108,85,193,7727.109
107,86,193,7675.852
118,76,194,7932.022
117,77,194,7928.487
116,78,194,7935.941
115,79,194,7918.774
114,80,194,7914.597
113,81,194,7883.52
112,82,194,7865.418
111,83,194,7819.225
110,84,194,7789.294
109,85,194,7732.249
108,86,194,7695.001
119,76,195,7917.744
118,77,195,7924.915
117,78,195,7926.552
116,79,195,7921.377
115,80,195,7909.397
114,81,195,7890.728
113,82,195,7863.908
112,83,195,7830.757
111,84,195,7791.005
110,85,195,7748.091
109,86,195,7700.383
120,76,196,7912.229
119,77,196,7914.148
118,78,196,7926.529
117,79,196,7914.855
116,80,196,7914.369
115,81,196,7888.289
114,82,196,7873.337
113,83,196,7831.9
112,84,196,7804.766
111,85,196,7752.007
110,86,196,7717.987
120,77,197,7908.999
119,78,197,7915.971
118,79,197,7915.654
117,80,197,7908.64
116,81,197,7893.508
115,82,197,7871.282
114,83,197,7841.634
113,84,197,7805.535
112,85,197,7766.017
111,86,197,7722.118
110,87,197,7673.763
120,78,198,7914.15
119,79,198,7908.567
118,80,198,7911.552
117,81,198,7890.3
116,82,198,7878.969
115,83,198,7841.189
114,84,198,7817.561
113,85,198,7769.373
112,86,198,7737.724
111,87,198,7679.205
122,77,199,7891.206
121,78,199,7902.3
120,79,199,7906.937
119,80,199,7905.279
118,81,199,7893.877
117,82,199,7875.736
116,83,199,7849.522
115,84,199,7817.505
114,85,199,7781.488
113,86,199,7740.753
112,87,199,7695.259
122,78,200,7899.198
121,79,200,7898.491
120,80,200,7905.895
119,81,200,7889.703
118,82,200,7881.81
117,83,200,7848.497
116,84,200,7827.44
115,85,200,7783.759
114,86,200,7754.932
113,87,200,7700.334
123,78,201,7885.833
122,79,201,7895.175
121,80,201,7897.56
120,81,201,7891.271
119,82,201,7877.877
118,83,201,7854.808
117,84,201,7826.561
116,85,201,7794.153
115,86,201,7756.842
114,87,201,7714.836
113,88,201,7669.41
124,78,202,7881.56
123,79,202,7885.909
122,80,202,7896.85
121,81,202,7886.219
120,82,202,7882.15
119,83,202,7852.539
118,84,202,7834.805
117,85,202,7794.541
116,86,202,7769.301
115,87,202,7719.038
114,88,202,7685.568
124,79,203,7880.864
123,80,203,7887.482
122,81,203,7886.053
121,82,203,7877.397
120,83,203,7857.475
119,84,203,7832.863
118,85,203,7803.648
117,86,203,7770.193
116,87,203,7731.708
115,88,203,7689.503
124,80,204,7885.545
123,81,204,7880.023
122,82,204,7879.932
121,83,204,7854.215
120,84,204,7839.083
119,85,204,7803.552
118,86,204,7780.574
117,87,204,7734.692
116,88,204,7704.144
125,80,205,7874.732
124,81,205,7878.394
123,82,205,7874.331
122,83,205,7857.316
121,84,205,7836.216
120,85,205,7810.207
119,86,205,7780.722
118,87,205,7745.686
117,88,205,7706.998
116,89,205,7662.851
126,80,206,7869.172
125,81,206,7871.721
124,82,206,7875.362
123,83,206,7853.324
122,84,206,7840.597
121,85,206,7808.843
120,86,206,7789.041
119,87,206,7746.94
118,88,206,7719.802
117,89,206,7667.879
127,80,207,7848.61
126,81,207,7866.797
125,82,207,7869.866
124,83,207,7854.505
123,84,207,7836.673
122,85,207,7813.964
121,86,207,7787.998
120,87,207,7756.246
119,88,207,7721.602
118,89,207,7681.099
128,80,208,7834.191
127,81,208,7847.183
126,82,208,7867.453
125,83,208,7849.853
124,84,208,7839.358
123,85,208,7811.56
122,86,208,7794.268
121,87,208,7756.903
120,88,208,7732.017
119,89,208,7684.865
118,90,208,7652.592
128,81,209,7833.397
127,82,209,7848.648
126,83,209,7847.987
125,84,209,7835.188
124,85,209,7814.777
123,86,209,7792.175
122,87,209,7763.688
121,88,209,7733.017
120,89,209,7695.85
129,81,210,7813.588
128,82,210,7835.965
127,83,210,7832.542
126,84,210,7834.346
125,85,210,7811.663
124,86,210,7796.665
123,87,210,7763.075
122,88,210,7741.368
121,89,210,7697.896
120,90,210,7669.076
130,81,211,7799.791
129,82,211,7817.007
128,83,211,7819.774
127,84,211,7818.784
126,85,211,7811.354
125,86,211,7793.941
124,87,211,7768.36
123,88,211,7741.087
122,89,211,7707.189
121,90,211,7671.69
130,82,212,7804.319
129,83,212,7803.313
128,84,212,7810.243
127,85,212,7798.34
126,86,212,7794.797
125,87,212,7766.845
124,88,212,7747.508
123,89,212,7708.552
122,90,212,7682.062
121,91,212,7633.643
132,81,213,7765.43
131,82,213,7785.172
130,83,213,7791.021
129,84,213,7794.024
128,85,213,7790.003
127,86,213,7782.182
126,87,213,7768.447
125,88,213,7746.472
124,89,213,7715.526
123,90,213,7683.846
122,91,213,7644.762
132,82,214,7772.394
131,83,214,7773.495
130,84,214,7785.116
129,85,214,7776.366
128,86,214,7777.102
127,87,214,7757.74
126,88,214,7749.171
125,89,214,7715.837
124,90,214,7692.317
123,91,214,7647.583
133,82,215,7752.737
132,83,215,7761.717
131,84,215,7768.176
130,85,215,7767.858
129,86,215,7763.814
128,87,215,7753.26
127,88,215,7739.316
126,89,215,7719.413
125,90,215,7693.025
124,91,215,7657.096
123,92,215,7620.624
133,83,216,7743.499
132,84,216,7758.819
131,85,216,7753.002
130,86,216,7758.657
129,87,216,7742.451
128,88,216,7737.347
127,89,216,7711.256
126,90,216,7697.662
125,91,216,7659.314
124,92,216,7631.307
134,83,217,7731.848
133,84,217,7741.36
132,85,217,7744.616
131,86,217,7744.403
130,87,217,7737.775
129,88,217,7726.911
128,89,217,7710.338
127,90,217,7690.594
126,91,217,7664.58
135,83,218,7712.827
134,84,218,7731.528
133,85,218,7729.126
132,86,218,7738.752
131,87,218,7726.715
130,88,218,7724.998
129,89,218,7702.177
128,90,218,7691.602
127,91,218,7659.036
126,92,218,7640.719
135,84,219,7713.333
134,85,219,7720.196
133,86,219,7723.777
132,87,219,7721.171
131,88,219,7714.053
130,89,219,7700.549
129,90,219,7683.725
128,91,219,7661.574
127,92,219,7636.329
126,93,219,7604.583
136,84,220,7703.224
135,85,220,7703.703
134,86,220,7717.254
133,87,220,7709.742
132,88,220,7711.696
131,89,220,7692.351
130,90,220,7684.589
137,84,221,7684.481
136,85,221,7694.475
135,86,221,7701.393
134,87,221,7703.256
133,88,221,7701.135
132,89,221,7690.539
131,90,221,7676.061
130,91,221,7656.974
129,92,221,7634.684
138,84,222,7674.005
137,85,222,7677.387
136,86,222,7694.497
135,87,222,7690.947
134,88,222,7696.692
133,89,222,7682.802
132,90,222,7676.658
130,92,222,7637.764
138,85,223,7668.055
137,86,223,7678.171
136,87,223,7683.664
135,88,223,7685.309
134,89,223,7679.143
133,90,223,7668.64
132,91,223,7651.971
131,92,223,7632.694
139,85,224,7650.735
138,86,224,7670.751
137,87,224,7670.367
136,88,224,7679.922
135,89,224,7670.143
134,90,224,7667.724
133,91,224,7646.961
132,92,224,7635.165
139,86,225,7654.357
138,87,225,7662.94
137,88,225,7667.586
136,89,225,7665.69
135,90,225,7659.222
134,91,225,7646.72
133,92,225,7629.736
132,93,225,7607.557
140,86,226,7646.41
139,87,226,7648.376
138,88,226,7661.962
137,89,226,7655.662
136,90,226,7657.119
135,91,226,7641.11
134,92,226,7631.916
141,86,227,7630.05
140,87,227,7640.715
139,88,227,7648.303
138,89,227,7650.707
137,90,227,7647.458
136,91,227,7639.49
135,92,227,7626.289
134,93,227,7607.351
142,86,228,7621.645
141,87,228,7626.368
140,88,228,7642.428
139,89,228,7639.196
138,90,228,7645.08
137,91,228,7632.207
136,92,228,7627.466
135,93,228,7604.853
134,94,228,7590.493
143,86,229,7605.622
142,87,229,7618.337
141,88,229,7628.485
140,89,229,7633.244
139,90,229,7634.65
138,91,229,7629.874
137,92,229,7620.721
136,93,229,7606.086
135,94,229,7586.88
134,95,229,7562.702
143,87,230,7603.704
142,88,230,7621.914
141,89,230,7621.46
140,90,230,7630.996
139,91,230,7621.895
138,92,230,7620.922
137,93,230,7601.776
136,94,230,7590.991
144,87,231,7594.5
143,88,231,7607.841
142,89,231,7615.076
141,90,231,7620.118
140,91,231,7618.426
139,92,231,7613.387
138,93,231,7602.128
137,94,231,7587.12
145,87,232,7579.347
144,88,232,7600.009
143,89,232,7602.424
142,90,232,7615.033
141,91,232,7609.506
140,92,232,7611.897
138,94,232,7588.974
146,87,233,7569.239
145,88,233,7585.564
144,89,233,7595.193
143,90,233,7602.893
142,91,233,7604.866
141,92,233,7603.956
140,93,233,7596.181
139,94,233,7583.796
137,96,233,7545.998
146,88,234,7576.543
145,89,234,7582.129
144,90,234,7596.855
143,91,234,7594.683
142,92,234,7600.715
141,93,234,7589.637
140,94,234,7584.605
138,96,234,7550.677
146,89,235,7573.504
145,90,235,7584.385
144,91,235,7588.413
143,92,235,7590.914
142,93,235,7587.056
141,94,235,7578.879
140,95,235,7565.154
147,89,236,7559.242
146,90,236,7576.968
145,91,236,7577.557
144,92,236,7586.484
143,93,236,7579.214
142,94,236,7577.918
140,96,236,7550.299
147,90,237,7563.443
146,91,237,7570.384
145,92,237,7576.102
144,93,237,7574.989
143,94,237,7570.759
141,96,237,7546.624
139,98,237,7503.347
147,91,238,7558.344
146,92,238,7570.125
145,93,238,7566.221
144,94,238,7568.36
143,95,238,7555.584
142,96,238,7547.996
147,92,239,7558.561
146,93,239,7560.567
145,94,239,7560.318
144,95,239,7553.688
143,96,239,7543.065
148,92,240,7551.77
147,93,240,7550.173
146,94,240,7556.042
145,95,240,7547.013
144,96,240,7542.861
142,98,240,7510.23
148,93,241,7544.27
147,94,241,7546.439
146,95,241,7543.278
145,96,241,7536.848
149,93,242,7533.403
148,94,242,7541.327
147,95,242,7534.991
146,96,242,7534.503
144,98,242,7509.098
149,94,243,7531.008
148,95,243,7530.173
147,96,243,7526.925
146,97,243,7517.501
150,94,244,7524.815
149,95,244,7521.308
148,96,244,7523.952
147,97,244,7511.475
146,98,244,7505.136
151,94,245,7513.281
150,95,245,7515.303
149,96,245,7515.767
148,97,245,7509.27
147,98,245,7499.663
152,94,246,7506.539
150,96,246,7511.471
149,97,246,7502.803
148,98,246,7499.121
146,100,246,7467.97
151,96,247,7501.931
150,97,247,7498.94
149,98,247,7493.285
148,99,247,7480.1
152,96,248,7496.728
150,98,248,7491.043
148,100,248,7465.944
153,96,249,7485.55
152,97,249,7486.04
151,98,249,7483.394
149,100,249,7461.864
154,96,250,7478.938
153,97,250,7475.967
152,98,250,7479.956
150,100,250,7462.09
155,96,251,7466.722
154,97,251,7469.263
153,98,251,7470.5
152,99,251,7465.881
151,100,251,7457.02
150,101,251,7441.9
154,98,252,7465.347
153,99,252,7457.242
152,100,252,7456.038
150,102,252,7425.798
155,98,253,7454.829
154,99,253,7452.887
153,100,253,7448.47
151,102,253,7422.471
156,98,254,7449.225
155,99,254,7443.589
154,100,254,7444.792
152,102,254,7423.59
156,99,255,7437.821
155,100,255,7435.888
154,101,255,7428.729
153,102,255,7417.958
152,103,255,7402.576
156,100,256,7431.78
154,102,256,7416.546
153,103,256,7398.16
152,104,256,7385.434
157,100,257,7422.194
156,101,257,7417.582
155,102,257,7409.657
153,104,257,7381.704
157,101,258,7409.675
154,104,258,7382.538
157,102,259,7399.974
154,105,259,7360.362
154,106,260,7342.562
157,104,261,7371.384
155,106,261,7339.77
156,106,262,7341.185
156,108,264,7298.375
157,108,265,7296.247
158,108,266,7298.273
159,110,269,7250.154
160,110,270,7253.775
