0,1,1,0
1,1,2,1112.2
2,1,3,2827.2
1,2,3,2572.6
3,1,4,1720.4
2,2,4,7073.9
1,3,4,1153.7
4,1,5,1336.3
3,2,5,5512.1
2,3,5,5266.1
5,1,6,961.6
4,2,6,4878.5
3,3,6,5332.3
2,4,6,4487.2
5,2,7,4123
4,3,7,5606.4
3,4,7,5371.5
2,5,7,3558.7
6,2,8,3924.5
5,3,8,5159.7
4,4,8,7062.4
3,5,8,4717.1
2,6,8,3101.5
7,2,9,3349
6,3,9,5037.7
5,4,9,6462.6
4,5,9,6257
3,6,9,4337.4
8,2,10,2995.1
7,3,10,4531.3
6,4,10,6497.6
5,5,10,6475
4,6,10,6032
3,7,10,3643.6
8,3,11,4155.3
7,4,11,5952.5
6,5,11,6927.7
5,6,11,6676.4
4,7,11,5358.4
3,8,11,3162.4
9,3,12,3791.5
8,4,12,5720.7
7,5,12,6631.2
6,6,12,7680.1
5,7,12,6170.1
4,8,12,4881.9
10,3,13,3507.6
9,4,13,5241.4
8,5,13,6496.4
7,6,13,7469.8
6,7,13,7238.8
5,8,13,5811.7
10,4,14,4993.8
9,5,14,6101.6
8,6,14,7520.3
7,7,14,7475.6
6,8,14,7052.2
5,9,14,5285.2
11,4,15,4540.9
10,5,15,5880
9,6,15,7100.1
8,7,15,7699.4
7,8,15,7463.6
6,9,15,6497.4
5,10,15,4868.7
12,4,16,4285.2
11,5,16,5507.3
10,6,16,6922
9,7,16,7373.7
8,8,16,7976.2
7,9,16,6964
6,10,16,6083.1
12,5,17,5269.6
11,6,17,6558
10,7,17,7286.2
9,8,17,7750.7
8,9,17,7542.3
7,10,17,6640.4
6,11,17,5522.7
13,5,18,4976.6
12,6,18,6426.1
11,7,18,7038.5
10,8,18,7767
9,9,18,7631.6
8,10,18,7341.2
7,11,18,6202.2
14,5,19,4719.6
13,6,19,6118.2
12,7,19,6948.5
11,8,19,7566.4
10,9,19,7779
9,10,19,7567.3
8,11,19,6937.8
7,12,19,5901.4
15,5,20,4405.6
14,6,20,5961.4
13,7,20,6709.1
12,8,20,7568.5
11,9,20,7720.1
10,10,20,8032.2
9,11,20,7298.5
8,12,20,6728
16,5,21,4152.5
14,7,21,6609
13,8,21,7389.3
12,9,21,7738.2
11,10,21,7971.7
10,11,21,7765.5
9,12,21,7105
16,6,22,5421
15,7,22,6378.5
14,8,22,7364.8
13,9,22,7624.2
12,10,22,8080.4
11,11,22,7915.6
10,12,22,7662.7
16,7,23,6236.6
15,8,23,7163.4
14,9,23,7622.3
13,10,23,7955.2
12,11,23,8111.4
11,12,23,7901.1
10,13,23,7335.7
16,8,24,7039.6
15,9,24,7463.5
14,10,24,7993.3
13,11,24,8063.4
12,12,24,8260.7
11,13,24,7649.5
10,14,24,7167.2
17,8,25,6727.8
16,9,25,7336.3
15,10,25,7839.7
14,11,25,8101.3
13,12,25,8223.5
12,13,25,8021.1
11,14,25,7480.1
18,8,26,6497.4
17,9,26,7082.2
16,10,26,7751.9
15,11,26,8004.2
14,12,26,8333.8
13,13,26,8149.7
12,14,26,7924.7
18,9,27,6879.6
17,10,27,7520.4
16,11,27,7956.9
15,12,27,8263.8
14,13,27,8331.5
13,14,27,8124.3
12,15,27,7661
19,9,28,6626.8
18,10,28,7388.3
17,11,28,7799.2
16,12,28,8272.4
15,13,28,8309.8
14,14,28,8447.7
13,15,28,7907.4
12,16,28,7478.7
20,9,29,6444
19,10,29,7167
18,11,29,7682.1
17,12,29,8113.5
16,13,29,8348.4
15,14,29,8448.6
14,15,29,8251.2
13,16,29,7746.3
20,10,30,7034.5
19,11,30,7501.9
18,12,30,8054.4
17,13,30,8261.1
16,14,30,8520.6
15,15,30,8353.5
14,16,30,8122.7
13,17,30,7472.1
21,10,31,6813
20,11,31,7398.6
19,12,31,7869.1
18,13,31,8225.5
17,14,31,8458.2
16,15,31,8481.1
15,16,31,8281.8
14,17,31,7869.2
21,11,32,7219.8
20,12,32,7803.8
19,13,32,8100.3
18,14,32,8481.4
17,15,32,8464.1
16,16,32,8493.1
15,17,32,8072.4
14,18,32,7700
22,11,33,7089.9
21,12,33,7636.4
20,13,33,8020.6
19,14,33,8361
18,15,33,8513.8
17,16,33,8497.6
16,17,33,8304.7
15,18,33,7928.9
23,11,34,6886.4
22,12,34,7550.3
21,13,34,7860.3
20,14,34,8337.1
19,15,34,8448.1
18,16,34,8583.4
17,17,34,8398.9
16,18,34,8197.6
23,12,35,7356.2
22,13,35,7787.1
21,14,35,8169.5
20,15,35,8446.2
19,16,35,8537.8
18,17,35,8520.2
17,18,35,8327.4
16,19,35,7965.8
24,12,36,7244.4
23,13,36,7623.5
22,14,36,8112.5
21,15,36,8307.8
20,16,36,8575.3
19,17,36,8521.9
18,18,36,8519.9
17,19,36,8142.2
16,20,36,7815.8
25,12,37,7055.1
24,13,37,7531.3
23,14,37,7952.9
22,15,37,8267.5
21,16,37,8459.9
20,17,37,8570.2
19,18,37,8527.1
18,19,37,8339.8
17,20,37,8003.4
24,14,38,7892.8
23,15,38,8147.2
22,16,38,8448.7
21,17,38,8505.4
20,18,38,8614.2
19,19,38,8438
18,20,38,8240
25,14,39,7730.9
24,15,39,8097.9
23,16,39,8344.2
22,17,39,8494.4
21,18,39,8562.5
20,19,39,8557
19,20,39,8369.6
18,21,39,8013.4
26,14,40,7655.8
25,15,40,7981.4
24,16,40,8329.3
23,17,40,8427.7
22,18,40,8595.2
21,19,40,8538
20,20,40,8551.3
19,21,40,8173.6
18,22,40,7865.8
26,15,41,7906.5
25,16,41,8229.6
24,17,41,8412.9
23,18,41,8534.3
22,19,41,8576
21,20,41,8546.7
20,21,41,8369.1
19,22,41,8034.3
27,15,42,7765.9
26,16,42,8193.2
25,17,42,8345.8
24,18,42,8555.6
23,19,42,8551.2
22,20,42,8616.5
21,21,42,8444.9
20,22,42,8259.2
27,16,43,8063.8
26,17,43,8323.8
25,18,43,8488.2
24,19,43,8576.2
23,20,43,8600.6
22,21,43,8530.8
21,22,43,8352.8
20,23,43,8069.5
28,16,44,7996
27,17,44,8234.4
26,18,44,8493.8
25,19,44,8546.7
24,20,44,8658.1
23,21,44,8557.3
22,22,44,8533.5
21,23,44,8203.4
20,24,44,7949.6
28,17,45,8181.5
27,18,45,8419.9
26,19,45,8554.6
25,20,45,8630.5
24,21,45,8618.9
23,22,45,8555.7
22,23,45,8380
21,24,45,8087.7
29,17,46,8080.7
28,18,46,8412.3
27,19,46,8518
26,20,46,8668.9
25,21,46,8622
24,22,46,8656.4
23,23,46,8486.1
22,24,46,8303.8
21,25,46,7916
29,18,47,8311.4
28,19,47,8514.8
27,20,47,8639.3
26,21,47,8665
25,22,47,8661.2
24,23,47,8582.2
23,24,47,8407.2
22,25,47,8135.3
30,18,48,8243.6
29,19,48,8434.2
28,20,48,8666.6
27,21,48,8656.2
26,22,48,8723
25,23,48,8623
24,24,48,8572.2
23,25,48,8274.1
22,26,48,8022.7
30,19,49,8372.2
29,20,49,8594.8
28,21,49,8686.2
27,22,49,8711.1
26,23,49,8682.9
25,24,49,8613.2
24,25,49,8439.9
23,26,49,8161.3
31,19,50,8288.5
30,20,50,8550.1
29,21,50,8633.4
28,22,50,8755.7
27,23,50,8695.9
26,24,50,8701
25,25,50,8532.6
24,26,50,8354
23,27,50,8000.6
32,19,51,8221.3
31,20,51,8476.9
30,21,51,8597.2
29,22,51,8708.9
28,23,51,8742
27,24,51,8711.9
26,25,51,8633.7
25,26,51,8460.4
24,27,51,8193.2
33,19,52,8115
32,20,52,8429.3
31,21,52,8534.6
30,22,52,8691.8
29,23,52,8714.5
28,24,52,8775.9
27,25,52,8670.4
26,26,52,8609.6
25,27,52,8325.5
24,28,52,8083.8
34,19,53,8022.8
33,20,53,8330.5
32,21,53,8492.8
31,22,53,8631.1
30,23,53,8710.1
29,24,53,8760.2
28,25,53,8734.1
27,26,53,8648.7
26,27,53,8477.6
25,28,53,8217
34,20,54,8247.4
33,21,54,8404.8
32,22,54,8599.6
31,23,54,8662.1
30,24,54,8777.9
29,25,54,8737.9
28,26,54,8736.3
27,27,54,8569.2
26,28,54,8393
35,20,55,8125.9
34,21,55,8333.3
33,22,55,8518.9
32,23,55,8637.3
31,24,55,8731.9
30,25,55,8765
29,26,55,8746.5
28,27,55,8669.6
27,28,55,8497.3
26,29,55,8233.9
36,20,56,8033.1
35,21,56,8233.5
34,22,56,8467.9
33,23,56,8574.7
32,24,56,8723.2
31,25,56,8738.3
30,26,56,8790.3
29,27,56,8694.8
28,28,56,8642.7
27,29,56,8355.9
36,21,57,8158.1
35,22,57,8372.9
34,23,57,8535.1
33,24,57,8663.3
32,25,57,8736.7
31,26,57,8770.2
30,27,57,8741.8
29,28,57,8670.9
28,29,57,8503.2
37,21,58,8054.9
36,22,58,8307.6
35,23,58,8458.1
34,24,58,8643.9
33,25,58,8696.6
32,26,58,8792.2
31,27,58,8738.9
30,28,58,8732
29,29,58,8570.9
28,30,58,8395.9
38,21,59,7976.4
36,23,59,8403.8
35,24,59,8568.5
34,25,59,8680.9
33,26,59,8754.7
32,27,59,8768
31,28,59,8736.5
30,29,59,8642
29,30,59,8473.7
38,22,60,8152.7
37,23,60,8322.8
36,24,60,8540.1
35,25,60,8628.1
34,26,60,8755.8
33,27,60,8746.7
32,28,60,8780.7
31,29,60,8665.6
30,30,60,8583
38,23,61,8271
37,24,61,8460.1
36,25,61,8598.9
35,26,61,8703.7
34,27,61,8756.1
33,28,61,8765
32,29,61,8715.5
31,30,61,8610.3
30,31,61,8446.4
39,23,62,8187.7
38,24,62,8427.3
37,25,62,8538.5
36,26,62,8692.8
35,27,62,8721.3
34,28,62,8794.5
33,29,62,8718
32,30,62,8679.3
31,31,62,8518.6
40,23,63,8130.7
39,24,63,8347.5
38,25,63,8505.1
37,26,63,8631.5
36,27,63,8717.7
35,28,63,8763.4
34,29,63,8752.1
33,30,63,8686.2
32,31,63,8583.9
31,32,63,8418.7
40,24,64,8303.5
39,25,64,8437.4
38,26,64,8612.3
37,27,64,8675.5
36,28,64,8777.4
35,29,64,8739
34,30,64,8735.9
33,31,64,8611.6
32,32,64,8528.8
40,25,65,8400.6
39,26,65,8546.3
38,27,65,8656.8
37,28,65,8736.2
36,29,65,8757
35,30,65,8724.2
34,31,65,8662.1
33,32,65,8555
32,33,65,8396.2
41,25,66,8331.7
40,26,66,8521.7
39,27,66,8605.9
38,28,66,8739.5
37,29,66,8731.4
36,30,66,8759.6
35,31,66,8669.3
34,32,66,8625.4
33,33,66,8468.4
41,26,67,8449.9
40,27,67,8581.7
39,28,67,8695.7
38,29,67,8737.4
37,30,67,8734.1
36,31,67,8707.5
35,32,67,8633
34,33,67,8530.5
33,34,67,8369.5
41,27,68,8520.1
40,28,68,8682.4
39,29,68,8701.8
38,30,68,8755.6
37,31,68,8701.2
36,32,68,8688.1
35,33,68,8557.7
34,34,68,8477
42,27,69,8495.4
41,28,69,8623
40,29,69,8695.2
39,30,69,8722.7
38,31,69,8724.5
37,32,69,8680.9
36,33,69,8611.8
35,34,69,8503.7
34,35,69,8344.9
43,27,70,8434.1
42,28,70,8604.2
41,29,70,8646.8
40,30,70,8729.8
39,31,70,8709.2
38,32,70,8721.7
37,33,70,8621.5
36,34,70,8576
35,35,70,8414.7
44,27,71,8398.7
43,28,71,8543.1
42,29,71,8635
41,30,71,8689
40,31,71,8717.6
39,32,71,8703.3
38,33,71,8663.9
37,34,71,8586
36,35,71,8481.4
35,36,71,8327.1
44,28,72,8520.2
43,29,72,8586.5
42,30,72,8691.8
41,31,72,8687
40,32,72,8731.7
39,33,72,8660.3
38,34,72,8644.4
37,35,72,8511.3
36,36,72,8429.3
45,28,73,8457.6
44,29,73,8568.5
43,30,73,8648.3
42,31,73,8693.8
41,32,73,8705
40,33,73,8689.6
39,34,73,8641.5
38,35,73,8568
37,36,73,8460.1
36,37,73,8305
45,29,74,8521.5
44,30,74,8642.7
43,31,74,8663.1
42,32,74,8725.2
41,33,74,8680
40,34,74,8687.7
39,35,74,8583.5
38,36,74,8533
37,37,74,8381.7
46,29,75,8495
45,30,75,8592.4
44,31,75,8660.7
43,32,75,8695.6
42,33,75,8700.8
41,34,75,8678.9
40,35,75,8627.6
39,36,75,8553.4
38,37,75,8448.2
37,38,75,8296.5
47,29,76,8443.6
46,30,76,8582.2
45,31,76,8624.5
44,32,76,8705.2
43,33,76,8682.8
42,34,76,8711.4
41,35,76,8635.8
40,36,76,8608.8
39,37,76,8486.2
38,38,76,8393.9
48,29,77,8411.2
47,30,77,8530
46,31,77,8613.3
45,32,77,8671
44,33,77,8695.9
43,34,77,8694.6
42,35,77,8666.8
41,36,77,8616.8
40,37,77,8537.3
39,38,77,8435.9
49,29,78,8354.6
48,30,78,8507.3
47,31,78,8577.1
46,32,78,8671.6
45,33,78,8673.8
44,34,78,8717.8
43,35,78,8661.9
42,36,78,8661.2
41,37,78,8558.3
40,38,78,8500
50,29,79,8320.9
49,30,79,8450.5
48,31,79,8556
47,32,79,8634.5
46,33,79,8676.6
45,34,79,8695.5
44,35,79,8687.5
43,36,79,8657.1
42,37,79,8601.1
41,38,79,8523.8
40,39,79,8416.7
50,30,80,8423.5
49,31,80,8508.4
48,32,80,8627.5
47,33,80,8651.2
46,34,80,8710.8
45,35,80,8677.6
44,36,80,8692.9
43,37,80,8611.6
42,38,80,8578.5
41,39,80,8454.2
51,30,81,8351.9
50,31,81,8483.3
49,32,81,8580.6
48,33,81,8648
47,34,81,8685.9
46,35,81,8695.9
45,36,81,8682.8
44,37,81,8645.5
43,38,81,8587.3
42,39,81,8505.9
41,40,81,8395.1
52,30,82,8301.1
51,31,82,8421
50,32,82,8563.7
49,33,82,8611.4
48,34,82,8693.1
47,35,82,8682.4
46,36,82,8710.6
45,37,82,8647.4
44,38,82,8635.7
43,39,82,8529.2
42,40,82,8465.4
52,31,83,8372.5
51,32,83,8504.3
50,33,83,8599.6
49,34,83,8658.5
48,35,83,8693.3
47,36,83,8695.7
46,37,83,8675.2
45,38,83,8638.4
44,39,83,8573.6
43,40,83,8488.3
42,41,83,8378.9
53,31,84,8307.5
52,32,84,8465.5
51,33,84,8547.9
50,34,84,8658.7
49,35,84,8671.3
48,36,84,8717.4
47,37,84,8676.2
46,38,84,8677.5
45,39,84,8587.7
44,40,84,8549
43,41,84,8417.9
54,31,85,8253.5
53,32,85,8401.7
52,33,85,8510.9
51,34,85,8610.3
50,35,85,8673.5
49,36,85,8698.5
48,37,85,8697.4
47,38,85,8675.7
46,39,85,8628.1
45,40,85,8564
44,41,85,8473.7
43,42,85,8361.3
54,32,86,8354.6
53,33,86,8456.7
52,34,86,8581.8
51,35,86,8632.3
50,36,86,8712
49,37,86,8696.9
48,38,86,8708.4
47,39,86,8638.4
46,40,86,8614
45,41,86,8502.2
44,42,86,8434.7
54,33,87,8413.8
53,34,87,8529
52,35,87,8605.9
51,36,87,8675.2
50,37,87,8710.9
49,38,87,8705.2
48,39,87,8674.8
47,40,87,8623.6
46,41,87,8551.7
45,42,87,8462.4
44,43,87,8347.7
54,34,88,8495
53,35,88,8563.7
52,36,88,8656.8
51,37,88,8681.1
50,38,88,8732.5
49,39,88,8682.5
48,40,88,8666
47,41,88,8572.4
46,42,88,8523.9
45,43,88,8389.8
55,34,89,8435.2
54,35,89,8530.7
53,36,89,8614.8
52,37,89,8664.1
51,38,89,8705.9
50,39,89,8714
49,40,89,8673.3
48,41,89,8616.8
47,42,89,8544.9
46,43,89,8450.5
45,44,89,8340.3
56,34,90,8395.7
55,35,90,8478.1
54,36,90,8591.2
53,37,90,8631.5
52,38,90,8696
51,39,90,8693.3
50,40,90,8709.9
49,41,90,8633.3
48,42,90,8597
47,43,90,8483.3
46,44,90,8409.7
57,34,91,8334.8
56,35,91,8441.9
55,36,91,8541.7
54,37,91,8607.5
53,38,91,8663.8
52,39,91,8684.9
51,40,91,8693.3
50,41,91,8670.8
49,42,91,8613.6
48,43,91,8536.6
47,44,91,8442.9
57,35,92,8384.9
56,36,92,8512.6
55,37,92,8569.4
54,38,92,8648.9
53,39,92,8661.5
52,40,92,8692.6
51,41,92,8662.3
50,42,92,8657.7
49,43,92,8563.5
48,44,92,8504.7
47,45,92,8373.4
46,46,92,8275.5
58,35,93,8345.5
57,36,93,8458.1
56,37,93,8540.9
55,38,93,8612.7
54,39,93,8648.9
53,40,93,8671.6
52,41,93,8664.1
51,42,93,8651.4
50,43,93,8608.5
49,44,93,8531.4
48,45,93,8434.8
47,46,93,8318.5
58,36,94,8424.3
57,37,94,8492.7
56,38,94,8593.8
55,39,94,8622.8
54,40,94,8666.8
53,41,94,8648.9
52,42,94,8662.3
51,43,94,8608.7
50,44,94,8583.6
49,45,94,8472.4
48,46,94,8391.6
59,36,95,8365.9
58,37,95,8460.1
57,38,95,8549
56,39,95,8604.9
55,40,95,8643.5
54,41,95,8647.2
53,42,95,8648.7
52,43,95,8622.6
51,44,95,8587.4
50,45,95,8525.3
49,46,95,8428.9
60,36,96,8330.8
59,37,96,8408.8
58,38,96,8521.2
57,39,96,8569.4
56,40,96,8635.3
55,41,96,8628.8
54,42,96,8653.9
53,43,96,8614.8
52,44,96,8609.4
51,45,96,8534.6
50,46,96,8490
49,47,96,8360.2
61,36,97,8269.8
60,37,97,8376.1
59,38,97,8471.8
58,39,97,8541.4
57,40,97,8603.7
56,41,97,8623.1
55,42,97,8635
54,43,97,8623.7
53,44,97,8604.2
52,45,97,8559.8
51,46,97,8502.4
50,47,97,8423.2
49,48,97,8310.3
61,37,98,8330.7
60,38,98,8445.7
59,39,98,8497.6
58,40,98,8581.3
57,41,98,8596.3
56,42,98,8635.1
55,43,98,8610
54,44,98,8620.3
53,45,98,8560.8
52,46,98,8533.8
51,47,98,8441.6
50,48,98,8378.2
62,37,99,8295.3
61,38,99,8402.5
60,39,99,8476.6
59,40,99,8539.2
58,41,99,8578.9
57,42,99,8607.7
56,43,99,8613.6
55,44,99,8608.7
54,45,99,8580.1
53,46,99,8537.9
52,47,99,8474.7
51,48,99,8398.3
63,37,100,8244.5
62,38,100,8372.2
61,39,100,8439.4
60,40,100,8522.1
59,41,100,8548.4
58,42,100,8604.6
57,43,100,8595.1
56,44,100,8619.3
55,45,100,8575.1
54,46,100,8563.5
53,47,100,8484.9
52,48,100,8437.7
51,49,100,8329.7
50,50,100,8251.6
64,37,101,8206.1
63,38,101,8324.7
62,39,101,8413.3
61,40,101,8485.8
60,41,101,8534.8
59,42,101,8572.9
58,43,101,8593.1
57,44,101,8601.3
56,45,101,8588.2
55,46,101,8560.8
54,47,101,8512.5
53,48,101,8450.3
52,49,101,8370.4
51,50,101,8281.1
65,37,102,8152.7
64,38,102,8291.2
63,39,102,8371.9
62,40,102,8466.2
61,41,102,8504.8
60,42,102,8568.3
59,43,102,8570.6
58,44,102,8607.4
57,45,102,8576.9
56,46,102,8580.2
55,47,102,8517.1
54,48,102,8484.1
53,49,102,8388.5
52,50,102,8324.4
64,39,103,8342.6
63,40,103,8425.8
62,41,103,8488.3
61,42,103,8538.2
60,43,103,8566.1
59,44,103,8584.3
58,45,103,8584.1
57,46,103,8571
56,47,103,8537.6
55,48,103,8489.7
54,49,103,8423.7
64,40,104,8402.3
63,41,104,8453.3
62,42,104,8527.9
61,43,104,8541.1
60,44,104,8587.3
59,45,104,8568.9
58,46,104,8584.8
57,47,104,8536.1
56,48,104,8517.6
55,49,104,8435.2
54,50,104,8383.9
52,52,104,8157.3
65,40,105,8358.5
64,41,105,8431.6
63,42,105,8494.8
62,43,105,8534.6
61,44,105,8561.9
60,45,105,8572.7
59,46,105,8570.6
58,47,105,8550.3
57,48,105,8516.8
56,49,105,8464.7
55,50,105,8397.2
54,51,105,8300.9
53,52,105,8186.8
65,41,106,8393.2
64,42,106,8479.5
63,43,106,8506.5
62,44,106,8560.9
61,45,106,8553.9
60,46,106,8579.9
59,47,106,8544.6
58,48,106,8539
57,49,106,8470.1
56,50,106,8432
55,51,106,8322
54,52,106,8236.7
66,41,107,8367
65,42,107,8442.2
64,43,107,8492.8
63,44,107,8533.3
62,45,107,8554.1
61,46,107,8560.8
60,47,107,8553.9
59,48,107,8533.3
58,49,107,8494
57,50,107,8439.4
56,51,107,8358.7
67,41,108,8325.6
66,42,108,8422.1
65,43,108,8462.8
64,44,108,8527.2
63,45,108,8532.6
62,46,108,8567
61,47,108,8542
60,48,108,8550
59,49,108,8495.2
58,50,108,8469
57,51,108,8372.6
56,52,108,8303.7
54,54,108,8074.8
68,41,109,8297.1
67,42,109,8381.4
66,43,109,8444.1
65,44,109,8496.2
64,45,109,8528.1
63,46,109,8544.8
62,47,109,8547.9
61,48,109,8538.7
60,49,109,8513.1
59,50,109,8470.5
58,51,109,8404.8
57,52,109,8319.3
56,53,109,8220
55,54,109,8107.3
69,41,110,8255.2
68,42,110,8359.2
67,43,110,8411.2
66,44,110,8486.3
65,45,110,8504.2
64,46,110,8547.1
63,47,110,8532.1
62,48,110,8551.2
61,49,110,8508.9
60,50,110,8496
59,51,110,8412.6
58,52,110,8358.1
57,53,110,8244
56,54,110,8159.2
69,42,111,8315.2
68,43,111,8390
67,44,111,8452.9
66,45,111,8495.6
65,46,111,8521.7
64,47,111,8534.7
63,48,111,8537
62,49,111,8522.2
61,50,111,8493.1
60,51,111,8440.1
59,52,111,8367.7
58,53,111,8282.9
69,43,112,8353.6
68,44,112,8439.2
67,45,112,8468.8
66,46,112,8520.7
65,47,112,8516
64,48,112,8544.7
63,49,112,8514.6
62,50,112,8513.6
61,51,112,8443.6
60,52,112,8400.6
59,53,112,8299.8
58,54,112,8230
70,43,113,8329.4
69,44,113,8402.6
68,45,113,8456.8
67,46,113,8492.5
66,47,113,8516
65,48,113,8526.9
64,49,113,8522.9
63,50,113,8506.8
62,51,113,8465.2
61,52,113,8404.6
60,53,113,8333.7
59,54,113,8247.9
58,55,113,8148.6
71,43,114,8290.2
70,44,114,8385.3
69,45,114,8426.6
68,46,114,8488
67,47,114,8493.7
66,48,114,8531.5
65,49,114,8511.9
64,50,114,8522.5
63,51,114,8462.5
62,52,114,8432.7
61,53,114,8344.7
60,54,114,8289.2
59,55,114,8173.5
58,56,114,8089.6
71,44,115,8346.8
70,45,115,8410.6
69,46,115,8457.7
68,47,115,8490.5
67,48,115,8510.7
66,49,115,8516.5
65,50,115,8514
64,51,115,8480.9
63,52,115,8431.1
62,53,115,8374.5
61,54,115,8300.9
72,44,116,8326.8
71,45,116,8377.6
70,46,116,8449.2
69,47,116,8465.9
68,48,116,8512.3
67,49,116,8501.6
66,50,116,8523.1
65,51,116,8475.8
64,52,116,8455.6
63,53,116,8381.2
62,54,116,8336.8
73,44,117,8285.5
72,45,117,8359.2
71,46,117,8416.9
70,47,117,8459.4
69,48,117,8488.9
68,49,117,8503.8
67,50,117,8509.6
66,51,117,8487.8
65,52,117,8450.9
64,53,117,8404.4
63,54,117,8344.2
62,55,117,8271.8
61,56,117,8187.9
73,45,118,8322.8
72,46,118,8405.2
71,47,118,8433.8
70,48,118,8487.8
69,49,118,8485.6
68,50,118,8516.5
67,51,118,8478.9
66,52,118,8469.6
65,53,118,8406.1
64,54,118,8374.9
63,55,118,8286.4
74,45,119,8303.3
73,46,119,8368.9
72,47,119,8423.2
71,48,119,8461.4
70,49,119,8486.1
69,50,119,8499.4
68,51,119,8487.9
67,52,119,8462
66,53,119,8426.8
65,54,119,8378.4
64,55,119,8317.3
63,56,119,8245.9
74,46,120,8357
73,47,120,8395.3
72,48,120,8458
71,49,120,8466.2
70,50,120,8504.4
69,51,120,8475.6
68,52,120,8476.9
67,53,120,8423.6
66,54,120,8404
65,55,120,8328.4
64,56,120,8280.2
76,45,121,8245.2
75,46,121,8320.8
74,47,121,8382.3
73,48,121,8430.9
72,49,121,8463.8
71,50,121,8485.1
70,51,121,8482
69,52,121,8466.8
68,53,121,8441.4
67,54,121,8403.8
66,55,121,8352.9
65,56,121,8293.9
76,46,122,8305.9
75,47,122,8352.7
74,48,122,8424.2
73,49,122,8442.1
72,50,122,8487.8
71,51,122,8468.3
70,52,122,8478.1
69,53,122,8437
68,54,122,8424.6
67,55,122,8359.1
66,56,122,8323.7
77,46,123,8270
76,47,123,8337.9
75,48,123,8395.3
74,49,123,8437.9
73,50,123,8467.2
72,51,123,8472.3
71,52,123,8465.5
70,53,123,8449.1
69,54,123,8420.9
68,55,123,8380.3
67,56,123,8330.2
77,47,124,8308.8
76,48,124,8387
75,49,124,8414.3
74,50,124,8467.3
73,51,124,8456.1
72,52,124,8473.2
71,53,124,8441.4
70,54,124,8437.6
69,55,124,8383.5
68,56,124,8355.8
67,57,124,8278.2
78,47,125,8293.3
77,48,125,8357.6
76,49,125,8407.9
75,50,125,8445.5
74,51,125,8458.1
73,52,125,8458
72,53,125,8450.2
71,54,125,8430.9
70,55,125,8399.8
69,56,125,8358.1
68,57,125,8304.6
78,48,126,8346.7
77,49,126,8384.6
76,50,126,8443.5
75,51,126,8440.3
74,52,126,8463.2
73,53,126,8439.9
72,54,126,8443.5
71,55,126,8399.2
70,56,126,8379.7
69,57,126,8312.4
68,58,126,8273.2
79,48,127,8316.8
78,49,127,8374.8
77,50,127,8420.5
76,51,127,8439.8
75,52,127,8446.1
74,53,127,8445.4
73,54,127,8434.1
72,55,127,8411.5
71,56,127,8378.4
70,57,127,8333.5
69,58,127,8280.7
80,48,128,8303.2
79,49,128,8351.4
78,50,128,8416.9
77,51,128,8420.7
76,52,128,8448.7
75,53,128,8432.8
74,54,128,8443.3
73,55,128,8406.4
72,56,128,8395.9
71,57,128,8337.1
70,58,128,8306.9
69,59,128,8228.9
81,48,129,8269.5
80,49,129,8338.7
79,50,129,8392.8
78,51,129,8418
77,52,129,8430.4
76,53,129,8435.9
75,54,129,8431.3
74,55,129,8416
73,56,129,8391
72,57,129,8356
71,58,129,8310.9
70,59,129,8254.3
82,48,130,8252.5
81,49,130,8314.1
80,50,130,8386.8
79,51,130,8397.3
78,52,130,8430.3
77,53,130,8421.1
76,54,130,8437.7
75,55,130,8408.7
74,56,130,8405.5
73,57,130,8356.1
72,58,130,8333.2
71,59,130,8263.7
70,60,130,8222.5
83,48,131,8206.1
82,49,131,8297.9
81,50,131,8362.5
80,51,131,8392.5
79,52,131,8411.2
78,53,131,8422.2
77,54,131,8423.7
76,55,131,8415
75,56,131,8398.5
74,57,131,8370.3
73,58,131,8333.3
72,59,131,8286.1
71,60,131,8230.3
84,48,132,8169.1
83,49,132,8253.7
82,50,132,8354.8
81,51,132,8372.3
80,52,132,8408.4
79,53,132,8406.4
78,54,132,8427.6
77,55,132,8405.5
76,56,132,8409.3
75,57,132,8367.7
74,58,132,8352.3
73,59,132,8291.5
72,60,132,8256.8
83,50,133,8310
82,51,133,8364.7
81,52,133,8389
80,53,133,8405
79,54,133,8412.6
78,55,133,8409.9
77,56,133,8400.2
76,57,133,8378.8
75,58,133,8349.8
74,59,133,8310.2
73,60,133,8262.2
72,61,133,8204.2
84,50,134,8275.1
83,51,134,8325.9
82,52,134,8383.6
81,53,134,8389
80,54,134,8413.6
79,55,134,8398.6
78,56,134,8408.1
77,57,134,8374.4
76,58,134,8365.7
75,59,134,8312.8
74,60,134,8285.5
73,61,134,8213.4
85,50,135,8230.6
84,51,135,8291.9
83,52,135,8345.7
82,53,135,8384.7
81,54,135,8398.4
80,55,135,8401.3
79,56,135,8397.5
78,57,135,8382.7
77,58,135,8361.9
76,59,135,8328.9
75,60,135,8288.1
74,61,135,8236.7
73,62,135,8177.6
85,51,136,8252.2
84,52,136,8319.4
83,53,136,8351.3
82,54,136,8396.1
81,55,136,8389.7
80,56,136,8402.7
79,57,136,8376
78,58,136,8373.7
77,59,136,8330
76,60,136,8308.5
75,61,136,8243.7
74,62,136,8205.9
86,51,137,8218.4
85,52,137,8280.2
84,53,137,8326
83,54,137,8364.2
82,55,137,8388.9
81,56,137,8391.8
80,57,137,8381.8
79,58,137,8367.2
78,59,137,8341.7
77,60,137,8309.5
76,61,137,8263.6
75,62,137,8213.5
74,63,137,8150.5
86,52,138,8252.5
85,53,138,8292.4
84,54,138,8344.6
83,55,138,8360.1
82,56,138,8393.4
81,57,138,8375
80,58,138,8377
79,59,138,8339.2
78,60,138,8325.4
77,61,138,8268.3
76,62,138,8237.9
75,63,138,8161.6
87,52,139,8211.7
86,53,139,8265.6
85,54,139,8311.5
84,55,139,8342.3
83,56,139,8367
82,57,139,8377.9
81,58,139,8370.4
80,59,139,8349.5
79,60,139,8323.6
78,61,139,8285.5
77,62,139,8243
76,63,139,8187.2
88,52,140,8183.3
87,53,140,8229.4
86,54,140,8290.8
85,55,140,8314.3
84,56,140,8353.1
83,57,140,8355
82,58,140,8376.3
81,59,140,8346.5
80,60,140,8337.8
79,61,140,8289
78,62,140,8263.8
77,63,140,8197.7
76,64,140,8154.9
75,65,140,8068.6
88,53,141,8202.2
87,54,141,8255.3
86,55,141,8294.3
85,56,141,8326
84,57,141,8343.2
83,58,141,8355.3
82,59,141,8353.9
81,60,141,8335.5
80,61,141,8303.9
79,62,141,8265.8
78,63,141,8217.6
77,64,141,8164.6
76,65,141,8097.4
89,53,142,8165.2
88,54,142,8233.1
87,55,142,8264.8
86,56,142,8310.9
85,57,142,8320.8
84,58,142,8347
83,59,142,8336.3
82,60,142,8346
81,61,142,8306.6
80,62,142,8285.9
79,63,142,8226.3
78,64,142,8190.2
77,65,142,8111.5
89,54,143,8196.8
88,55,143,8243.6
87,56,143,8281.9
86,57,143,8306.1
85,58,143,8324.6
84,59,143,8329.4
83,60,143,8330.4
82,61,143,8317.7
81,62,143,8288.1
80,63,143,8245.8
79,64,143,8198.3
78,65,143,8138.2
77,66,143,8075
90,54,144,8172.8
89,55,144,8211.8
88,56,144,8265.4
87,57,144,8281.4
86,58,144,8314.7
85,59,144,8311.5
84,60,144,8326.9
83,61,144,8305.2
82,62,144,8303.6
81,63,144,8254.1
80,64,144,8221.9
79,65,144,8151.2
78,66,144,8105.5
77,67,144,8017
91,54,145,8135
90,55,145,8188.7
89,56,145,8234.7
88,57,145,8266
87,58,145,8289.8
86,59,145,8302.1
85,60,145,8309.1
84,61,145,8302.6
83,62,145,8293
82,63,145,8269.2
81,64,145,8228.9
80,65,145,8178.5
79,66,145,8116.8
78,67,145,8048.5
92,54,146,8110.4
91,55,146,8155.4
90,56,146,8215.5
89,57,146,8239.9
88,58,146,8278.5
87,59,146,8280.3
86,60,146,8304
85,61,146,8288.6
84,62,146,8293.8
83,63,146,8261.9
82,64,146,8249.5
81,65,146,8187.1
80,66,146,8146.1
79,67,146,8063.2
78,68,146,8010.5
92,55,147,8131.8
91,56,147,8183.2
90,57,147,8221.5
89,58,147,8252.5
88,59,147,8270.5
87,60,147,8283.6
86,61,147,8284.3
85,62,147,8280.5
84,63,147,8263.5
83,64,147,8243.3
82,65,147,8206.6
81,66,147,8156.7
80,67,147,8094
79,68,147,8026.4
78,69,147,7948.8
93,55,148,8097.5
92,56,148,8164.1
91,57,148,8193.7
90,58,148,8240.3
89,59,148,8249.5
88,60,148,8277.1
87,61,148,8268.2
86,62,148,8279.6
85,63,148,8253.8
84,64,148,8248.3
83,65,148,8204.3
82,66,148,8180.9
81,67,148,8108.9
80,68,148,8059.6
79,69,148,7968.5
93,56,149,8131.8
92,57,149,8176.1
91,58,149,8214.2
90,59,149,8238.3
89,60,149,8255.4
88,61,149,8261.5
87,62,149,8263.4
86,63,149,8253.5
85,64,149,8239.4
84,65,149,8209.8
83,66,149,8179
82,67,149,8133.2
81,68,149,8074.9
94,56,150,8111.8
93,57,150,8149.4
92,58,150,8201.1
91,59,150,8218.9
90,60,150,8249.5
89,61,150,8243.8
88,62,150,8261.6
87,63,150,8241.3
86,64,150,8242.6
85,65,150,8206.3
84,66,150,8189.1
83,67,150,8134.8
82,68,150,8102.1
94,57,151,8129
93,58,151,8176.2
92,59,151,8207.8
91,60,151,8230.2
90,61,151,8241.2
89,62,151,8243.9
88,63,151,8239.2
87,64,151,8231
86,65,151,8208.8
85,66,151,8184.6
84,67,151,8145.5
83,68,151,8104.8
82,69,151,8050
81,70,151,7983.7
93,59,152,8187.1
92,60,152,8224
91,61,152,8226.1
90,62,152,8244
89,63,152,8226.5
88,64,152,8233.4
87,65,152,8202
86,66,152,8192.9
85,67,152,8144.9
84,68,152,8119.3
83,69,152,8056.4
82,70,152,8015.4
94,59,153,8172
93,60,153,8204.5
92,61,153,8221.1
91,62,153,8228.5
90,63,153,8228.7
89,64,153,8220.4
88,65,153,8205
87,66,153,8185.7
86,67,153,8153.6
85,68,153,8118.8
84,69,153,8071.2
82,71,153,7959
95,59,154,8147.2
94,60,154,8192.3
93,61,154,8204.7
92,62,154,8226.8
91,63,154,8217.1
90,64,154,8224.7
89,65,154,8196.6
88,66,154,8193.1
87,67,154,8150.6
86,68,154,8132.3
85,69,154,8074.2
84,70,154,8039.9
96,59,155,8131
95,60,155,8170.3
94,61,155,8195.2
93,62,155,8211.2
92,63,155,8216.6
91,64,155,8213.2
90,65,155,8202.9
89,66,155,8184.3
88,67,155,8159.2
87,68,155,8129.4
86,69,155,8088.3
85,70,155,8043.8
84,71,155,7987.4
97,59,156,8105.2
96,60,156,8156.3
95,61,156,8176.7
94,62,156,8205
93,63,156,8204.6
92,64,156,8215.3
91,65,156,8194.6
90,66,156,8192.4
89,67,156,8155.4
88,68,156,8141.9
87,69,156,8089.6
86,70,156,8061.7
85,71,156,7995.3
84,72,156,7952.6
98,59,157,8085.8
97,60,157,8132.1
96,61,157,8164.1
95,62,157,8187
94,63,157,8199.7
93,64,157,8203.5
92,65,157,8198.1
91,66,157,8184.6
90,67,157,8163.1
89,68,157,8136.3
88,69,157,8101.4
87,70,157,8062.7
86,71,157,8013.3
84,73,157,7896
98,60,158,8114.9
97,61,158,8143.3
96,62,158,8177.3
95,63,158,8185.1
94,64,158,8201.8
93,65,158,8189.1
92,66,158,8190.1
91,67,158,8158.4
90,68,158,8147.9
89,69,158,8101.1
88,70,158,8079.1
87,71,158,8018.5
86,72,158,7981.2
99,60,159,8088.8
98,61,159,8126.8
97,62,159,8157.4
96,63,159,8176.6
95,64,159,8187.6
94,65,159,8188.8
93,66,159,8181.5
92,67,159,8165.1
91,68,159,8142.7
90,69,159,8112.7
89,70,159,8078
88,71,159,8034.6
87,72,159,7986.5
86,73,159,7928.7
100,60,160,8069.9
99,61,160,8103.6
98,62,160,8144.6
97,63,160,8160.1
96,64,160,8183
95,65,160,8177.4
94,66,160,8184
93,67,160,8158.6
92,68,160,8151.7
91,69,160,8110.8
90,70,160,8092.5
89,71,160,8038.3
88,72,160,8006.3
87,73,160,7938.2
86,74,160,7892.7
100,61,161,8085.9
99,62,161,8122
98,63,161,8148.9
97,64,161,8167.1
96,65,161,8174.4
95,66,161,8173.3
94,67,161,8163.1
93,68,161,8145.8
92,69,161,8120.4
91,70,161,8090.3
90,71,161,8052.7
89,72,161,8009.1
88,73,161,7957.4
86,75,161,7836.3
100,62,162,8107.5
99,63,162,8129.5
98,64,162,8159
97,65,162,8164
96,66,162,8173.4
95,67,162,8155.4
94,68,162,8152.3
93,69,162,8117.5
92,70,162,8102.5
91,71,162,8054.5
90,72,162,8027.1
89,73,162,7964.3
88,74,162,7923.8
101,62,163,8084.1
100,63,163,8116
99,64,163,8140.7
98,65,163,8155.6
97,66,163,8161.7
96,67,163,8156.9
95,68,163,8144.7
94,69,163,8124.9
93,70,163,8099.1
92,71,163,8066.6
91,72,163,8028
90,73,163,7981.8
89,74,163,7930.3
88,75,163,7870.8
102,62,164,8067.7
101,63,164,8095.3
100,64,164,8129.9
99,65,164,8139.9
98,66,164,8158.7
97,67,164,8147.9
96,68,164,8149
95,69,164,8119.6
94,70,164,8109.4
93,71,164,8065.8
92,72,164,8043.8
91,73,164,7986.9
90,74,164,7951.4
89,75,164,7881
88,76,164,7833.3
102,63,165,8080
101,64,165,8110.4
100,65,165,8130.3
99,66,165,8143.9
98,67,165,8146.9
97,68,165,8139.9
96,69,165,8125.5
95,70,165,8104.8
94,71,165,8076.7
93,72,165,8042.8
92,73,165,8003
91,74,165,7955.9
90,75,165,7901.5
102,64,166,8097.2
101,65,166,8113.2
100,66,166,8137.2
99,67,166,8135.4
98,68,166,8141.9
97,69,166,8118.9
96,70,166,8112.4
95,71,166,8074.1
94,72,166,8056.4
93,73,166,8004.9
92,74,166,7974.8
91,75,166,7909.6
90,76,166,7866.3
103,64,167,8075.5
102,65,167,8101.4
101,66,167,8120.8
100,67,167,8130.3
99,68,167,8131.7
98,69,167,8122.5
97,70,167,8106.2
96,71,167,8083.1
95,72,167,8054.1
94,73,167,8018.8
93,74,167,7976.7
91,76,167,7873.9
90,77,167,7812.8
103,65,168,8082.7
102,66,168,8112.5
101,67,168,8116.8
100,68,168,8129.5
99,69,168,8114.9
98,70,168,8111.8
97,71,168,8080.4
96,72,168,8065.5
95,73,168,8019.4
94,74,168,7993.9
93,75,168,7935.1
92,76,168,7895.9
91,77,168,7823.8
90,78,168,7773.6
103,66,169,8094.7
102,67,169,8109
101,68,169,8117
100,69,169,8114.4
99,70,169,8104.5
98,71,169,8086.3
97,72,169,8061.7
96,73,169,8030.9
95,74,169,7994.5
94,75,169,7951.3
93,76,169,7901.2
92,77,169,7845.5
103,67,170,8093.7
102,68,170,8111.9
101,69,170,8105.5
100,70,170,8106.6
99,71,170,8081.6
98,72,170,8070.8
97,73,170,8030.2
96,74,170,8008.9
95,75,170,7955
94,76,170,7921.1
92,78,170,7808.2
104,67,171,8083.6
103,68,171,8097.7
102,69,171,8101.8
101,70,171,8097.8
100,71,171,8084.6
99,72,171,8066
98,73,171,8039.7
97,74,171,8008.1
96,75,171,7969.4
95,76,171,7924.1
94,77,171,7873.4
93,78,171,7816.6
92,79,171,7754.1
104,68,172,8090.4
103,69,172,8091
102,70,172,8097.4
101,71,172,8078.2
100,72,172,8071.7
99,73,172,8037.7
98,74,172,8020.1
97,75,172,7971.8
96,76,172,7942.1
95,77,172,7880.2
94,78,172,7839.2
93,79,172,7766.1
92,80,172,7713.6
104,69,173,8084.4
103,70,173,8087.4
102,71,173,8079
101,72,173,8066
100,73,173,8044
99,74,173,8018.3
98,75,173,7983.9
97,76,173,7944
96,77,173,7898
95,78,173,7845.3
94,79,173,7788.2
105,69,174,8070.6
104,70,174,8083.8
103,71,174,8071.4
102,72,174,8068.5
101,73,174,8040.4
100,74,174,8027.2
99,75,174,7985
98,76,174,7959.4
97,77,174,7902
96,78,174,7866.1
94,80,174,7749.7
106,69,175,8061.7
105,70,175,8070.9
104,71,175,8069.1
103,72,175,8060.7
102,73,175,8044.4
101,74,175,8024.1
100,75,175,7994.8
99,76,175,7960.7
98,77,175,7917.9
97,78,175,7869.5
96,79,175,7817.5
95,80,175,7759.2
107,69,176,8045.1
106,70,176,8064
105,71,176,8059
104,72,176,8061.3
103,73,176,8038.6
102,74,176,8030.1
101,75,176,7993.9
100,76,176,7972.8
99,77,176,7921.5
98,78,176,7888.9
97,79,176,7825.3
96,80,176,7782.6
95,81,176,7707.9
107,70,177,8049.9
106,71,177,8053.4
105,72,177,8051.8
104,73,177,8040.8
103,74,177,8025
102,75,177,8001.2
101,76,177,7972.4
100,77,177,7934.6
99,78,177,7892.4
98,79,177,7843.8
97,80,177,7789.8
96,81,177,7732.1
108,70,178,8042.7
107,71,178,8042
106,72,178,8049.4
104,74,178,8029.2
103,75,178,7998.1
102,76,178,7981.9
101,77,178,7936.5
100,78,178,7908.2
99,79,178,7849.3
98,80,178,7811.3
96,82,178,7690.8
108,71,179,8035
107,72,179,8038.5
106,73,179,8033.5
105,74,179,8023.2
104,75,179,8003.7
103,76,179,7979.4
102,77,179,7947.5
101,78,179,7910.6
100,79,179,7865.6
99,80,179,7816.2
98,81,179,7763.4
97,82,179,7701.4
109,71,180,8022
108,72,180,8034.9
107,73,180,8025.8
106,74,180,8025.4
105,75,180,7999.9
104,76,180,7987.4
103,77,180,7947.6
102,78,180,7923.5
101,79,180,7870.3
100,80,180,7836.1
99,81,180,7771.4
98,82,180,7725.6
110,71,181,8011.9
109,72,181,8022
108,73,181,8023.4
107,74,181,8017.9
106,75,181,8004.1
105,76,181,7983.4
104,77,181,7956.5
103,78,181,7924.1
102,79,181,7883.8
101,80,181,7839.6
100,81,181,7791.9
99,82,181,7734
110,72,182,8014.8
109,73,182,8012.6
108,74,182,8018.3
107,75,182,7998.6
106,76,182,7989.7
105,77,182,7954.8
104,78,182,7934.7
103,79,182,7887.2
102,80,182,7856.9
101,81,182,7796.3
100,82,182,7756.3
112,71,183,7984.8
111,72,183,8000
110,73,183,8006.7
109,74,183,8008.3
108,75,183,8001
107,76,183,7985
106,77,183,7961.8
105,78,183,7933.3
104,79,183,7898.5
103,80,183,7859.3
102,81,183,7815.6
101,82,183,7762.1
112,72,184,7990.7
111,73,184,7993.7
110,74,184,8005
109,75,184,7992.7
108,76,184,7988.6
107,77,184,7959.1
106,78,184,7942.5
105,79,184,7900.1
104,80,184,7874.3
103,81,184,7818.6
102,82,184,7782.7
113,72,185,7973.9
112,73,185,7986.3
111,74,185,7992.9
110,75,185,7991
109,76,185,7981.3
108,77,185,7963.7
107,78,185,7939.7
106,79,185,7909.4
105,80,185,7874.5
104,81,185,7835.5
103,82,185,7786.9
114,72,186,7964.3
113,73,186,7971.8
112,74,186,7988.6
111,75,186,7981.2
110,76,186,7982.8
109,77,186,7958
108,78,186,7946.8
107,79,186,7909.5
106,80,186,7888.2
105,81,186,7837.5
104,82,186,7805.3
103,83,186,7739.1
102,84,186,7695.9
114,73,187,7963.2
113,74,187,7975.1
112,75,187,7977.9
111,76,187,7973.7
110,77,187,7960.6
109,78,187,7941.1
108,79,187,7917.4
107,80,187,7886.9
106,81,187,7852.4
105,82,187,7808.4
104,83,187,7758.2
103,84,187,7704.7
114,74,188,7969
113,75,188,7966.7
112,76,188,7973.8
111,77,188,7954.8
110,78,188,7947.9
109,79,188,7914.7
108,80,188,7899
107,81,188,7853
106,82,188,7824.8
105,83,188,7764.1
104,84,188,7724.6
114,75,189,7961.8
113,76,189,7963
112,77,189,7956
111,78,189,7941.4
110,79,189,7921.9
109,80,189,7896.9
108,81,189,7866.2
107,82,189,7826.2
106,83,189,7780.9
105,84,189,7731.1
116,74,190,7947.5
115,75,190,7949.7
114,76,190,7962.1
113,77,190,7947.7
112,78,190,7946.4
111,79,190,7918.8
110,80,190,7907
109,81,190,7866
108,82,190,7841.1
107,83,190,7785.3
106,84,190,7749.4
117,74,191,7931.4
116,75,191,7943.9
115,76,191,7950.5
114,77,191,7948.1
113,78,191,7938.7
112,79,191,7924.6
111,80,191,7903.8
110,81,191,7877.1
109,82,191,7841.6
108,83,191,7800.6
107,84,191,7753.7
106,85,191,7702.9
117,75,192,7930.2
116,76,192,7948.5
115,77,192,7938.9
114,78,192,7942.4
113,79,192,7920.1
112,80,192,7912
111,81,192,7876
110,82,192,7854.6
109,83,192,7803.6
108,84,192,7771
107,85,192,7709.7
118,75,193,7923.9
117,76,193,7936.2
116,77,193,7938.1
115,78,193,7933.7
114,79,193,7924.1
113,80,193,7907.9
112,81,193,7885.3
111,82,193,7854
110,83,193,7817.1
109,84,193,7773.9
108,85,193,7727.1
107,86,193,7675.8
118,76,194,7932
117,77,194,7928.4
116,78,194,7935.9
115,79,194,7918.7
114,80,194,7914.5
113,81,194,7883.5
112,82,194,7865.4
111,83,194,7819.1
110,84,194,7789.2
109,85,194,7732.2
108,86,194,7694.9
119,76,195,7917.7
118,77,195,7924.9
117,78,195,7926.5
116,79,195,7921.3
115,80,195,7909.3
114,81,195,7890.7
113,82,195,7864
112,83,195,7830.7
111,84,195,7791.3
110,85,195,7748
109,86,195,7700.3
120,76,196,7912.2
119,77,196,7914.1
118,78,196,7926.5
117,79,196,7914.8
116,80,196,7914.3
115,81,196,7888.2
114,82,196,7873.3
113,83,196,7831.9
112,84,196,7804.7
111,85,196,7752
110,86,196,7717.9
120,77,197,7909
119,78,197,7915.9
118,79,197,7915.6
117,80,197,7908.6
116,81,197,7893.5
115,82,197,7871.2
114,83,197,7841.6
113,84,197,7805.7
112,85,197,7766
111,86,197,7722.1
110,87,197,7673.7
120,78,198,7914.1
119,79,198,7908.5
118,80,198,7911.5
117,81,198,7890.3
116,82,198,7878.9
115,83,198,7841.2
114,84,198,7817.5
113,85,198,7769.3
112,86,198,7737.7
111,87,198,7679.1
122,77,199,7891.2
121,78,199,7902.3
120,79,199,7906.9
119,80,199,7905.2
118,81,199,7893.8
117,82,199,7875.7
116,83,199,7849.5
115,84,199,7817.6
114,85,199,7781.4
113,86,199,7741
112,87,199,7695.2
122,78,200,7899.1
121,79,200,7898.4
120,80,200,7905.8
119,81,200,7889.7
118,82,200,7881.8
117,83,200,7848.4
116,84,200,7827.4
115,85,200,7783.7
114,86,200,7754.9
113,87,200,7700.3
123,78,201,7885.8
122,79,201,7895.1
121,80,201,7897.5
120,81,201,7891.2
119,82,201,7877.8
118,83,201,7854.8
117,84,201,7826.5
116,85,201,7794.1
115,86,201,7757
114,87,201,7714.8
113,88,201,7669.4
124,78,202,7881.5
123,79,202,7885.9
122,80,202,7896.8
121,81,202,7886.2
120,82,202,7882.1
119,83,202,7852.5
118,84,202,7834.8
117,85,202,7794.5
116,86,202,7769.3
115,87,202,7719
114,88,202,7685.5
124,79,203,7880.8
123,80,203,7887.4
122,81,203,7886
121,82,203,7877.3
120,83,203,7857.4
119,84,203,7832.8
118,85,203,7803.6
117,86,203,7770.3
116,87,203,7731.7
115,88,203,7689.8
124,80,204,7885.5
123,81,204,7880
122,82,204,7879.9
121,83,204,7854.2
120,84,204,7839
119,85,204,7803.5
118,86,204,7780.5
117,87,204,7734.6
116,88,204,7704.1
125,80,205,7874.7
124,81,205,7878.3
123,82,205,7874.3
122,83,205,7857.3
121,84,205,7836.2
120,85,205,7810.2
119,86,205,7780.7
118,87,205,7745.6
117,88,205,7707.1
116,89,205,7662.8
126,80,206,7869.1
125,81,206,7871.7
124,82,206,7875.3
123,83,206,7853.3
122,84,206,7840.5
121,85,206,7808.8
120,86,206,7789
119,87,206,7746.9
118,88,206,7719.8
117,89,206,7667.8
127,80,207,7848.6
126,81,207,7866.7
125,82,207,7869.8
124,83,207,7854.5
123,84,207,7836.6
122,85,207,7813.9
121,86,207,7787.9
120,87,207,7756.2
119,88,207,7721.7
118,89,207,7681.1
128,80,208,7834.1
127,81,208,7847.1
126,82,208,7867.4
125,83,208,7849.8
124,84,208,7839.3
123,85,208,7811.5
122,86,208,7794.2
121,87,208,7756.8
120,88,208,7732
119,89,208,7684.8
118,90,208,7652.5
128,81,209,7833.3
127,82,209,7848.6
126,83,209,7847.9
125,84,209,7835.1
124,85,209,7814.7
123,86,209,7792.1
122,87,209,7763.7
121,88,209,7733
120,89,209,7695.8
129,81,210,7813.5
128,82,210,7835.9
127,83,210,7832.5
126,84,210,7834.3
125,85,210,7811.6
124,86,210,7796.6
123,87,210,7763.1
122,88,210,7741.3
121,89,210,7698
120,90,210,7669
130,81,211,7799.7
129,82,211,7817
128,83,211,7819.7
127,84,211,7818.7
126,85,211,7811.3
125,86,211,7793.9
124,87,211,7768.3
123,88,211,7741
122,89,211,7707.4
121,90,211,7671.8
120,91,211,7629.3
130,82,212,7804.3
129,83,212,7803.3
128,84,212,7810.2
127,85,212,7798.3
126,86,212,7794.7
125,87,212,7766.8
124,88,212,7747.5
123,89,212,7708.4
122,90,212,7682
121,91,212,7633.6
132,81,213,7765.4
131,82,213,7785.1
130,83,213,7791
129,84,213,7794
128,85,213,7790
127,86,213,7782.1
126,87,213,7768.4
125,88,213,7746.4
124,89,213,7715.5
123,90,213,7683.8
122,91,213,7644.8
132,82,214,7772.3
131,83,214,7773.4
130,84,214,7785.1
129,85,214,7776.3
128,86,214,7777.1
127,87,214,7757.7
126,88,214,7749.1
125,89,214,7715.8
124,90,214,7692.3
123,91,214,7647.7
133,82,215,7752.7
132,83,215,7761.7
131,84,215,7768.1
130,85,215,7767.8
129,86,215,7763.8
128,87,215,7753.2
127,88,215,7739.3
126,89,215,7719.4
125,90,215,7693
124,91,215,7657.3
123,92,215,7620.7
133,83,216,7743.4
132,84,216,7758.8
131,85,216,7753
130,86,216,7758.6
129,87,216,7742.4
128,88,216,7737.3
127,89,216,7711.2
126,90,216,7697.6
125,91,216,7659.2
124,92,216,7631.3
134,83,217,7731.8
133,84,217,7741.3
132,85,217,7744.6
131,86,217,7744.4
130,87,217,7737.7
129,88,217,7726.9
128,89,217,7710.3
127,90,217,7690.5
126,91,217,7664.6
135,83,218,7712.8
134,84,218,7731.5
133,85,218,7729.1
132,86,218,7738.7
131,87,218,7726.7
130,88,218,7725
129,89,218,7702.1
128,90,218,7691.6
127,91,218,7659.1
126,92,218,7640.7
135,84,219,7713.3
134,85,219,7720.1
133,86,219,7723.7
132,87,219,7721.1
131,88,219,7714
130,89,219,7700.5
129,90,219,7683.7
128,91,219,7661.3
127,92,219,7636.2
126,93,219,7604.6
136,84,220,7703.2
135,85,220,7703.7
134,86,220,7717.2
133,87,220,7709.7
132,88,220,7711.6
131,89,220,7692.3
130,90,220,7684.4
129,91,220,7655.5
127,93,220,7602
137,84,221,7684.4
136,85,221,7694.4
135,86,221,7701.3
134,87,221,7703.2
133,88,221,7701.1
132,89,221,7690.5
131,90,221,7676
130,91,221,7656.9
129,92,221,7634.6
138,84,222,7674
137,85,222,7677.3
136,86,222,7694.4
135,87,222,7690.9
134,88,222,7696.6
133,89,222,7682.8
132,90,222,7676.6
131,91,222,7651.2
130,92,222,7637.7
129,93,222,7602.7
138,85,223,7668
137,86,223,7678.1
136,87,223,7683.6
135,88,223,7685.3
134,89,223,7679.1
133,90,223,7668.6
132,91,223,7651.8
131,92,223,7631.7
130,93,223,7607.5
139,85,224,7650.7
138,86,224,7670.7
137,87,224,7670.3
136,88,224,7679.9
135,89,224,7670.1
134,90,224,7667.7
133,91,224,7646.9
132,92,224,7635
131,93,224,7603.5
139,86,225,7654.3
138,87,225,7662.9
137,88,225,7667.5
136,89,225,7665.6
135,90,225,7659.2
134,91,225,7646.6
133,92,225,7629.7
132,93,225,7607.4
140,86,226,7646.4
139,87,226,7648.3
138,88,226,7661.9
137,89,226,7655.6
136,90,226,7657.1
135,91,226,7641.1
134,92,226,7631.9
133,93,226,7604.1
141,86,227,7630
140,87,227,7640.7
139,88,227,7648.3
138,89,227,7650.7
137,90,227,7647.4
136,91,227,7639.4
135,92,227,7626.2
134,93,227,7607.2
142,86,228,7621.6
141,87,228,7626.3
140,88,228,7642.4
139,89,228,7639.1
138,90,228,7645
137,91,228,7632.2
136,92,228,7627.4
134,94,228,7590.4
143,86,229,7605.6
142,87,229,7618.3
141,88,229,7628.4
140,89,229,7633.2
139,90,229,7634.6
138,91,229,7629.8
137,92,229,7620.7
136,93,229,7605.9
135,94,229,7586.8
134,95,229,7562.5
143,87,230,7603.7
142,88,230,7621.9
141,89,230,7621.4
140,90,230,7630.9
139,91,230,7621.8
138,92,230,7620.9
137,93,230,7601.7
136,94,230,7591
144,87,231,7594.5
143,88,231,7607.8
142,89,231,7615
141,90,231,7620.1
140,91,231,7618.4
139,92,231,7613.3
138,93,231,7602.1
137,94,231,7587.1
145,87,232,7579.3
144,88,232,7600
143,89,232,7602.4
142,90,232,7615
141,91,232,7609.5
140,92,232,7611.8
138,94,232,7588.9
146,87,233,7569.2
145,88,233,7585.5
144,89,233,7595.1
143,90,233,7602.8
142,91,233,7604.8
141,92,233,7603.9
140,93,233,7596.1
139,94,233,7583.7
137,96,233,7546
146,88,234,7576.5
145,89,234,7582.1
144,90,234,7596.8
143,91,234,7594.6
142,92,234,7600.7
141,93,234,7589.6
140,94,234,7584.6
138,96,234,7550.6
146,89,235,7573.5
145,90,235,7584.3
144,91,235,7588.4
143,92,235,7590.9
142,93,235,7587
141,94,235,7578.8
140,95,235,7565.1
147,89,236,7559.2
146,90,236,7576.9
145,91,236,7577.5
144,92,236,7586.4
143,93,236,7579.2
142,94,236,7577.9
140,96,236,7550.3
147,90,237,7563.4
146,91,237,7570.3
145,92,237,7576.1
144,93,237,7574.9
143,94,237,7570.7
141,96,237,7546.6
139,98,237,7503.3
147,91,238,7558.3
146,92,238,7570.1
145,93,238,7566.2
144,94,238,7568.3
143,95,238,7555.5
142,96,238,7547.9
147,92,239,7558.5
146,93,239,7560.5
145,94,239,7560.3
144,95,239,7553.6
143,96,239,7543
148,92,240,7551.7
147,93,240,7550.1
146,94,240,7556
145,95,240,7547
144,96,240,7542.8
142,98,240,7510.2
148,93,241,7544
147,94,241,7546.4
146,95,241,7543.2
145,96,241,7536.8
149,93,242,7533.4
148,94,242,7541.3
147,95,242,7534.9
146,96,242,7534.5
144,98,242,7509
149,94,243,7531
148,95,243,7530.1
147,96,243,7526.9
146,97,243,7517.5
150,94,244,7524.8
149,95,244,7521.3
148,96,244,7523.9
147,97,244,7511.4
146,98,244,7505.1
151,94,245,7513.2
150,95,245,7515.3
149,96,245,7515.7
148,97,245,7509.2
147,98,245,7499.6
152,94,246,7506.5
150,96,246,7511.4
149,97,246,7502.8
148,98,246,7499.1
147,99,246,7480.7
146,100,246,7467.9
151,96,247,7501.9
150,97,247,7498.9
149,98,247,7493.2
148,99,247,7480.1
152,96,248,7496.7
151,97,248,7490.5
150,98,248,7491
148,100,248,7465.9
153,96,249,7485.5
152,97,249,7486
151,98,249,7483.3
149,100,249,7461.8
148,101,249,7444
154,96,250,7478.9
153,97,250,7475.9
152,98,250,7479.9
150,100,250,7462
149,101,250,7441.6
155,96,251,7466.7
154,97,251,7469.2
153,98,251,7470.5
152,99,251,7465.8
151,100,251,7457
150,101,251,7441.9
154,98,252,7465.3
153,99,252,7457.2
152,100,252,7456
151,101,252,7438.4
150,102,252,7425.7
155,98,253,7454.8
154,99,253,7452.8
153,100,253,7448.4
151,102,253,7422.4
150,103,253,7402.9
156,98,254,7449.2
155,99,254,7443.5
154,100,254,7444.7
152,102,254,7423.5
151,103,254,7401.1
156,99,255,7437.8
155,100,255,7435.8
154,101,255,7428.7
153,102,255,7417.9
152,103,255,7402.5
156,100,256,7431.7
154,102,256,7416.5
153,103,256,7398.1
152,104,256,7385.4
157,100,257,7422.1
156,101,257,7417.5
155,102,257,7409.6
153,104,257,7381.7
152,105,257,7361.9
157,101,258,7409.6
154,104,258,7382.5
153,105,258,7359.4
157,102,259,7399.9
154,105,259,7360.3
154,106,260,7342.5
157,104,261,7371.3
155,106,261,7339.7
154,107,261,7317.3
156,106,262,7341.1
155,107,262,7315.7
156,108,264,7298.3
157,108,265,7296.2
158,108,266,7298.2
157,109,266,7270.7
159,110,269,7250.1
160,110,270,7253.7
